	page	x0	y0	x1	y1	token	contract_num	advertiser	flight_from	flight_to	gross_amount	tok_id	length	digitness	is_dollar	log_amount	label
0	0	423.0	25.174	439.448	25.217	Print	0.0	0.32	0.0	0.0	0.0	37	5	0.0	0.0	0.0	0
1	0	441.672	25.174	458.568	25.217	Date	0.0	0.32	0.0	0.0	0.0	8	4	0.0	0.0	0.0	0
2	0	474.001	25.174	505.137	25.217	08/08/12	0.0	0.32	0.0	0.0	0.0	0	8	0.75	0.0	0.0	0
3	0	533.251	25.174	551.931	25.217	Page	0.0	0.29	0.0	0.0	0.0	7	4	0.0	0.0	0.0	0
4	0	122.25	39.946	150.03	40.016	KNXV	0.0	0.31	0.0	0.0	0.0	747	4	0.0	0.0	0.0	0
5	0	276.465	38.688	334.241	38.799	ORDER	0.0	0.31	0.0	0.0	0.0	9	5	0.0	0.0	0.0	0
6	0	198.0	59.097	222.45	59.151	Flight	0.0	0.31	0.0	0.0	0.0	61	6	0.0	0.0	0.0	0
7	0	225.23	59.097	335.421	59.516	Dates08/07/12-08/12/12	0.0	0.31	0.0	0.0	0.0	18	22	0.54545456	0.0	0.0	0
8	0	378.0	77.097	403.56	77.151	Order	0.0	0.32	0.0	0.0	0.0	9	5	0.0	0.0	0.0	0
9	0	406.34	77.097	424.13	77.151	Sep	0.0	0.32	0.0	0.0	0.0	241	3	0.0	0.0	0.0	0
10	0	450.0	77.097	488.92	77.151	00:20:00	0.0	0.32	0.0	0.0	0.0	0	8	0.75	0.0	0.0	0
11	0	198.0	101.097	232.46	101.151	Product	0.0	0.29	0.0	0.0	0.0	5	7	0.0	0.0	0.0	0
12	0	378.0	101.097	416.9	101.151	Estimate	0.0	0.37	0.0	0.0	0.0	23	8	0.0	0.0	0.0	0
13	0	450.0	101.446	477.8	101.516	11565	0.0	0.37	0.0	0.0	0.4	0	5	1.0	1.0	9.355825	0
14	0	18.0	122.097	55.79	122.151	Contract	0.0	0.37	0.0	0.0	0.0	53	8	0.0	0.0	0.0	0
15	0	64.13	122.097	102.47	122.151	Revision	0.0	0.36	0.0	0.0	0.0	75	8	0.0	0.0	0.0	0
16	0	132.659	122.446	166.019	122.516	307100	0.0	0.49	0.0	0.0	0.62	0	6	1.0	1.0	12.634932	0
17	0	198.0	119.446	233.57	119.516	Sinema	0.0	1.0	0.0	0.0	0.0	3188	6	0.0	0.0	0.0	advertiser
18	0	236.35	119.446	249.68	119.516	for	0.0	1.0	0.0	0.0	0.0	50	3	0.0	0.0	0.0	advertiser
19	0	252.46	119.446	298.58	119.516	Congress	0.0	1.0	0.0	0.0	0.0	290	8	0.0	0.0	0.0	advertiser
20	0	301.36	119.446	323.6	119.516	2012	0.0	1.0	0.0	0.0	0.71	0	4	1.0	1.0	7.6073813	advertiser
21	0	378.0	119.097	389.67	119.151	Alt	0.0	0.77	0.0	0.0	0.0	31	3	0.0	0.0	0.0	0
22	0	392.45	119.097	418.01	119.151	Order	0.0	0.59	0.0	0.0	0.0	9	5	0.0	0.0	0.0	0
23	0	18.751	140.097	53.201	140.151	Original	0.0	0.21	0.0	0.0	0.0	39	8	0.0	0.0	0.0	0
24	0	55.981	140.097	77.101	140.151	Date	0.0	0.3	0.0	0.0	0.0	8	4	0.0	0.0	0.0	0
25	0	85.441	140.097	123.781	140.151	Revision	0.0	0.34	0.0	0.0	0.0	75	8	0.0	0.0	0.0	0
26	0	198.0	143.097	231.35	143.151	Agency	0.0	0.34	0.0	0.0	0.0	2	6	0.0	0.0	0.0	0
27	0	234.13	143.097	255.24	143.151	Com	0.0	0.34	0.0	0.0	0.0	260	3	0.0	0.0	0.0	0
28	0	270.0	143.097	290.01	143.151	15%	0.0	0.34	0.0	0.0	0.0	0	3	0.6666667	0.0	0.0	0
29	0	378.0	138.597	404.67	138.651	Billing	0.0	0.36	0.0	0.0	0.0	11	7	0.0	0.0	0.0	0
30	0	407.45	138.597	429.68	138.651	Type	0.0	0.36	0.0	0.0	0.0	45	4	0.0	0.0	0.0	0
31	0	450.0	138.597	473.34	138.651	Cash	0.0	0.36	0.0	0.0	0.0	21	4	0.0	0.0	0.0	0
32	0	91.5	156.597	130.42	156.651	08/06/12	0.0	0.36	0.0	0.0	0.0	0	8	0.75	0.0	0.0	0
33	0	143.252	156.597	182.172	156.651	08/08/12	0.0	0.24	0.0	0.0	0.0	0	8	0.75	0.0	0.0	0
34	0	378.0	156.597	403.56	156.651	Order	0.0	0.27	0.0	0.0	0.0	9	5	0.0	0.0	0.0	0
35	0	406.34	156.597	428.57	156.651	Type	0.0	0.27	0.0	0.0	0.0	45	4	0.0	0.0	0.0	0
36	0	450.0	156.597	497.79	156.651	GENERAL	0.0	0.24	0.0	0.0	0.0	138	7	0.0	0.0	0.0	0
37	0	198.0	161.097	224.67	161.151	Billing	0.0	0.3	0.0	0.0	0.0	11	7	0.0	0.0	0.0	0
38	0	227.45	161.097	261.91	161.151	Contact	0.0	0.3	0.0	0.0	0.0	79	7	0.0	0.0	0.0	0
39	0	378.0	173.847	404.67	173.901	Billing	0.0	0.3	0.0	0.0	0.0	11	7	0.0	0.0	0.0	0
40	0	407.45	173.847	432.45	173.901	Cycle	0.0	0.3	0.0	0.0	0.0	32	5	0.0	0.0	0.0	0
41	0	450.0	173.847	497.23	173.901	EOM/EOC	0.0	0.3	0.0	0.0	0.0	43	7	0.0	0.0	0.0	0
42	0	18.0	178.347	99.321	178.766	AdvertiserSinema	0.0	0.35	0.0	0.0	0.0	4649	16	0.0	0.0	0.0	0
43	0	107.661	178.696	153.781	178.766	Democrat	0.0	0.58	0.0	0.0	0.0	700	8	0.0	0.0	0.0	0
44	0	162.121	178.696	208.241	178.766	Congress	0.0	0.58	0.0	0.0	0.0	290	8	0.0	0.0	0.0	0
45	0	198.0	190.696	220.24	190.766	1580	0.0	0.57	0.0	0.0	0.71	0	4	1.0	1.0	7.365813	0
46	0	223.02	190.696	258.58	190.766	Lincoln	0.0	0.45	0.0	0.0	0.0	928	7	0.0	0.0	0.0	0
47	0	261.36	190.696	289.7	190.766	Street	0.0	0.41	0.0	0.0	0.0	162	6	0.0	0.0	0.0	0
48	0	378.0	190.347	404.67	190.401	Billing	0.0	0.31	0.0	0.0	0.0	11	7	0.0	0.0	0.0	0
49	0	407.45	190.347	512.23	190.401	CalendarBROADCAST	0.0	0.31	0.0	0.0	0.0	266	17	0.0	0.0	0.0	0
50	0	198.0	202.696	222.45	202.766	Suite	0.0	0.35	0.0	0.0	0.0	140	5	0.0	0.0	0.0	0
51	0	225.23	202.696	241.91	202.766	510	0.0	0.35	0.0	0.0	0.62	0	3	1.0	1.0	6.2363696	0
52	0	378.0	209.097	437.46	209.151	Demographic	0.0	0.35	0.0	0.0	0.0	40	11	0.0	0.0	0.0	0
53	0	450.0	209.097	482.24	209.151	A25-54	0.0	0.35	0.0	0.0	0.0	16	6	0.6666667	0.0	0.0	0
54	0	198.0	214.696	234.68	214.766	Denver,	0.0	0.4	0.0	0.0	0.0	359	7	0.0	0.0	0.0	0
55	0	258.02	214.696	285.82	214.766	80203	0.0	0.4	0.0	0.0	0.67	0	5	1.0	1.0	11.292329	0
56	0	18.0	220.347	51.35	220.401	Agency	0.0	0.34	0.0	0.0	0.0	2	6	0.0	0.0	0.0	0
57	0	63.751	220.696	92.091	220.766	Media	0.0	0.26	0.0	0.0	0.0	59	5	0.0	0.0	0.0	0
58	0	94.871	220.696	143.221	220.766	Strategies	0.0	0.29	0.0	0.0	0.0	352	10	0.0	0.0	0.0	0
59	0	146.001	220.696	163.781	220.766	and	0.0	0.29	0.0	0.0	0.0	77	3	0.0	0.0	0.0	0
60	0	166.561	220.696	211.581	220.766	Research	0.0	0.29	0.0	0.0	0.0	545	8	0.0	0.0	0.0	0
61	0	378.0	227.097	395.78	227.151	Rev	0.0	0.34	0.0	0.0	0.0	71	3	0.0	0.0	0.0	0
62	0	398.56	227.097	427.46	227.151	Codes	0.0	0.34	0.0	0.0	0.0	86	5	0.0	0.0	0.0	0
63	0	450.0	227.097	470.01	227.151	POL	0.0	0.31	0.0	0.0	0.0	103	3	0.0	0.0	0.0	0
64	0	498.002	227.097	518.012	227.151	POL	0.0	0.32	0.0	0.0	0.0	103	3	0.0	0.0	0.0	0
65	0	546.001	227.097	569.891	227.151	TIME	0.0	0.36	0.0	0.0	0.0	22	4	0.0	0.0	0.0	0
66	0	572.671	227.097	591.571	227.151	SLS	0.0	0.38	0.0	0.0	0.0	5402	3	0.0	0.0	0.0	0
67	0	18.0	238.347	48.57	238.401	Buying	0.0	0.38	0.0	0.0	0.0	67	6	0.0	0.0	0.0	0
68	0	51.35	238.347	85.81	238.401	Contact	0.0	0.38	0.0	0.0	0.0	79	7	0.0	0.0	0.0	0
69	0	198.751	245.097	223.761	245.151	Sales	0.0	0.38	0.0	0.0	0.0	10	5	0.0	0.0	0.0	0
70	0	226.541	245.097	252.661	245.151	Office	0.0	0.32	0.0	0.0	0.0	12	6	0.0	0.0	0.0	0
71	0	263.251	245.457	296.041	245.511	KNXVL	0.0	0.32	0.0	0.0	0.0	1972	5	0.0	0.0	0.0	0
72	0	378.0	245.097	412.46	245.151	Product	0.0	0.32	0.0	0.0	0.0	5	7	0.0	0.0	0.0	0
73	0	415.24	245.097	444.14	245.151	Codes	0.0	0.32	0.0	0.0	0.0	86	5	0.0	0.0	0.0	0
74	0	198.751	261.597	223.761	261.651	Sales	0.0	0.31	0.0	0.0	0.0	10	5	0.0	0.0	0.0	0
75	0	226.541	261.597	258.221	261.651	Region	0.0	0.25	0.0	0.0	0.0	69	6	0.0	0.0	0.0	0
76	0	263.251	261.957	283.811	262.011	LOC	0.0	0.26	0.0	0.0	0.0	639	3	0.0	0.0	0.0	0
77	0	378.0	261.597	409.11	261.651	Priority	0.0	0.28	0.0	0.0	0.0	96	8	0.0	0.0	0.0	0
78	0	450.0	261.957	470.0	262.011	DEF	0.0	0.34	0.0	0.0	0.0	3136	3	0.0	0.0	0.0	0
79	0	18.0	267.946	40.24	268.016	1580	0.0	0.37	0.0	0.0	0.71	0	4	1.0	1.0	7.365813	0
80	0	43.02	267.946	78.58	268.016	Lincoln	0.0	0.43	0.0	0.0	0.0	928	7	0.0	0.0	0.0	0
81	0	81.36	267.946	109.7	268.016	Street	0.0	0.43	0.0	0.0	0.0	162	6	0.0	0.0	0.0	0
82	0	18.0	279.946	42.45	280.016	Suite	0.0	0.43	0.0	0.0	0.0	140	5	0.0	0.0	0.0	0
83	0	45.23	279.946	61.91	280.016	510	0.0	0.43	0.0	0.0	0.62	0	3	1.0	1.0	6.2363696	0
84	0	198.601	277.347	231.951	277.401	Agency	0.0	0.32	0.0	0.0	0.0	2	6	0.0	0.0	0.0	0
85	0	234.731	277.347	250.291	277.401	Ref	0.0	0.32	0.0	0.0	0.0	63	3	0.0	0.0	0.0	0
86	0	378.0	277.347	423.01	277.401	Advertiser	0.0	0.29	0.0	0.0	0.0	6	10	0.0	0.0	0.0	0
87	0	425.79	277.347	441.35	277.401	Ref	0.0	0.37	0.0	0.0	0.0	63	3	0.0	0.0	0.0	0
88	0	18.0	291.946	54.68	292.016	Denver,	0.0	0.4	0.0	0.0	0.0	359	7	0.0	0.0	0.0	0
89	0	78.02	291.946	105.82	292.016	80203	0.0	0.4	0.0	0.0	0.67	0	5	1.0	1.0	11.292329	0
90	0	18.0	322.347	52.44	322.401	Primary	0.0	0.4	0.0	0.0	0.0	80	7	0.0	0.0	0.0	0
91	0	55.22	322.347	91.35	322.401	Account	0.0	0.4	0.0	0.0	0.0	15	7	0.0	0.0	0.0	0
92	0	94.13	322.347	137.48	322.401	Executive	0.0	0.36	0.0	0.0	0.0	24	9	0.0	0.0	0.0	0
93	0	18.0	334.347	45.23	334.401	KNXV	0.0	0.33	0.0	0.0	0.0	747	4	0.0	0.0	0.0	0
94	0	48.01	334.347	76.91	334.401	House	0.0	0.36	0.0	0.0	0.0	329	5	0.0	0.0	0.0	0
95	0	18.0	354.597	54.13	354.651	Account	0.0	0.36	0.0	0.0	0.0	15	7	0.0	0.0	0.0	0
96	0	56.91	354.597	100.26	354.651	Executive	0.0	0.33	0.0	0.0	0.0	24	9	0.0	0.0	0.0	0
97	0	126.0	354.597	160.45	354.651	Order%	0.0	0.29	0.0	0.0	0.0	9	6	0.0	0.0	0.0	0
98	0	177.001	354.597	198.121	354.651	Start	0.0	0.29	0.0	0.0	0.0	26	5	0.0	0.0	0.0	0
99	0	200.901	354.597	222.021	354.651	Date	0.0	0.27	0.0	0.0	0.0	8	4	0.0	0.0	0.0	0
100	0	245.251	354.597	263.041	354.651	End	0.0	0.19	0.0	0.0	0.0	28	3	0.0	0.0	0.0	0
101	0	265.821	354.597	286.941	354.651	Date	0.0	0.19	0.0	0.0	0.0	8	4	0.0	0.0	0.0	0
102	0	18.0	370.347	45.23	370.401	KNXV	0.0	0.26	0.0	0.0	0.0	747	4	0.0	0.0	0.0	0
103	0	48.01	370.347	76.91	370.401	House	0.0	0.3	0.0	0.0	0.0	329	5	0.0	0.0	0.0	0
104	0	135.84	370.347	161.41	370.401	100%	0.0	0.3	0.0	0.0	0.0	0	4	0.75	0.0	0.0	0
105	0	372.002	385.347	397.562	385.401	Order	0.0	0.3	0.0	0.0	0.0	9	5	0.0	0.0	0.0	0
106	0	400.342	385.347	427.022	385.401	Share	0.0	0.36	0.0	0.0	0.0	132	5	0.0	0.0	0.0	0
107	0	430.504	385.347	456.074	385.401	100%	0.0	0.36	0.0	0.0	0.0	0	4	0.75	0.0	0.0	0
108	0	462.002	385.347	492.562	385.401	Market	0.0	0.36	0.0	0.0	0.0	121	6	0.0	0.0	0.0	0
109	0	495.342	385.347	544.243	385.401	Value8270	0.0	0.36	0.0	0.0	0.0	250	9	0.44444445	0.0	0.0	0
110	0	372.002	403.347	420.352	403.401	Competing	0.0	0.27	0.0	0.0	0.0	263	9	0.0	0.0	0.0	0
111	0	423.132	403.347	454.262	403.401	Station	0.0	0.39	0.0	0.0	0.0	57	7	0.0	0.0	0.0	0
112	0	481.571	403.347	507.131	403.401	Order	0.0	0.39	0.0	0.0	0.0	9	5	0.0	0.0	0.0	0
113	0	540.003	403.347	574.463	403.401	Amount	0.0	0.29	0.0	0.0	0.0	25	6	0.0	0.0	0.0	0
114	0	372.002	418.347	404.792	418.401	CABLE	0.0	0.26	0.0	0.0	0.0	165	5	0.0	0.0	0.0	0
115	0	372.002	431.097	401.452	431.151	KASW	0.0	0.15	0.0	0.0	0.0	756	4	0.0	0.0	0.0	0
116	0	372.002	443.847	399.782	443.901	KDRX	0.0	0.15	0.0	0.0	0.0	757	4	0.0	0.0	0.0	0
117	0	372.002	456.597	400.342	456.651	KPHO	0.0	0.15	0.0	0.0	0.0	754	4	0.0	0.0	0.0	0
118	0	372.002	469.347	399.232	469.401	KPNX	0.0	0.15	0.0	0.0	0.0	650	4	0.0	0.0	0.0	0
119	0	372.002	482.097	398.682	482.151	KPPX	0.0	0.13	0.0	0.0	0.0	758	4	0.0	0.0	0.0	0
120	0	372.002	494.847	398.122	494.901	KSAZ	0.0	0.22	0.0	0.0	0.0	618	4	0.0	0.0	0.0	0
121	0	372.002	507.597	398.122	507.651	KTVK	0.0	0.19	0.0	0.0	0.0	759	4	0.0	0.0	0.0	0
122	0	372.002	520.347	400.892	520.401	KTVW	0.0	0.08	0.0	0.0	0.0	750	4	0.0	0.0	0.0	0
123	0	372.002	533.097	399.232	533.151	KUSK	0.0	0.15	0.0	0.0	0.0	760	4	0.0	0.0	0.0	0
124	0	372.002	545.847	398.672	545.901	KUTP	0.0	0.13	0.0	0.0	0.0	761	4	0.0	0.0	0.0	0
125	0	372.002	558.597	409.772	558.651	UNKWN	0.0	0.24	0.0	0.0	0.0	189	5	0.0	0.0	0.0	0
126	0	36.0	576.196	63.23	576.266	Order	0.0	0.25	0.0	0.0	0.0	9	5	0.0	0.0	0.0	0
127	0	66.01	576.196	95.46	576.266	Totals	0.0	0.28	0.0	0.0	0.0	30	6	0.0	0.0	0.0	0
128	0	348.001	576.196	378.561	576.266	Billing	0.0	0.28	0.0	0.0	0.0	11	7	0.0	0.0	0.0	0
129	0	381.341	576.196	402.461	576.266	Plan	0.0	0.28	0.0	0.0	0.0	87	4	0.0	0.0	0.0	0
130	0	18.0	587.847	45.79	587.901	Month	0.0	0.29	0.0	0.0	0.0	52	5	0.0	0.0	0.0	0
131	0	119.211	587.847	144.781	587.901	Spots	0.0	0.5	0.0	0.0	0.0	4	5	0.0	0.0	0.0	0
132	0	157.353	587.847	172.913	587.901	Net	0.0	0.51	0.0	0.0	0.0	14	3	0.0	0.0	0.0	0
133	0	175.693	587.847	210.153	587.901	Amount	0.0	0.51	0.0	0.0	0.0	25	6	0.0	0.0	0.0	0
134	0	214.32	587.847	240.99	587.901	Gross	0.0	0.51	0.0	0.0	0.0	20	5	0.0	0.0	0.0	0
135	0	243.77	587.847	278.23	587.901	Amount	0.0	0.44	0.0	0.0	0.0	25	6	0.0	0.0	0.0	0
136	0	290.85	587.847	319.75	587.901	Rating	0.0	0.25	0.0	0.0	0.0	64	6	0.0	0.0	0.0	0
137	0	324.0	587.847	345.12	587.901	Start	0.0	0.25	0.0	0.0	0.0	26	5	0.0	0.0	0.0	0
138	0	347.9	587.847	369.02	587.901	Date	0.0	0.21	0.0	0.0	0.0	8	4	0.0	0.0	0.0	0
139	0	375.749	587.847	393.539	587.901	End	0.0	0.21	0.0	0.0	0.0	28	3	0.0	0.0	0.0	0
140	0	396.319	587.847	417.439	587.901	Date	0.0	0.19	0.0	0.0	0.0	8	4	0.0	0.0	0.0	0
141	0	438.153	587.847	463.723	587.901	Spots	0.0	0.5	0.0	0.0	0.0	4	5	0.0	0.0	0.0	0
142	0	476.101	587.847	491.661	587.901	Net	0.0	0.51	0.0	0.0	0.0	14	3	0.0	0.0	0.0	0
143	0	494.441	587.847	557.49	587.901	AmountGross	0.0	0.51	0.0	0.0	0.0	265	11	0.0	0.0	0.0	0
144	0	560.27	587.847	594.73	587.901	Amount	0.0	0.44	0.0	0.0	0.0	25	6	0.0	0.0	0.0	0
145	0	18.0	602.847	49.13	602.901	August	0.0	0.38	0.0	0.0	0.0	474	6	0.0	0.0	0.0	0
146	0	51.91	602.847	74.15	602.901	2012	0.0	0.38	0.0	0.0	0.71	0	4	1.0	1.0	7.6073813	0
147	0	165.87	602.847	210.35	602.901	$7,029.50	0.0	0.24	0.0	0.0	0.57	0	9	0.6666667	1.0	8.858013	0
148	0	234.12	602.847	278.6	602.901	$8,270.00	0.0	0.19	0.0	0.0	1.0	0	9	0.6666667	1.0	9.020511	gross_amount
149	0	300.21	602.847	319.67	602.901	0.00	0.0	0.2	0.0	0.0	0.73	0	4	0.75	1.0	0.0	0
150	0	324.0	602.847	362.92	602.901	07/30/12	0.0	0.22	0.0	0.0	0.0	0	8	0.75	0.0	0.0	0
151	0	375.749	602.847	414.669	602.901	08/12/12	0.0	0.22	0.0	0.0	0.0	0	8	0.75	0.0	0.0	0
152	0	485.369	602.847	529.849	602.901	$7,029.50	0.0	0.19	0.0	0.0	0.57	0	9	0.6666667	1.0	8.858013	0
153	0	550.62	602.847	595.1	602.901	$8,270.00	0.0	0.21	0.0	0.0	1.0	0	9	0.6666667	1.0	9.020511	gross_amount
154	0	18.0	617.847	45.23	617.901	Totals	0.0	0.26	0.0	0.0	0.0	30	6	0.0	0.0	0.0	0
155	0	165.87	617.097	210.35	617.151	$7,029.50	0.0	0.26	0.0	0.0	0.57	0	9	0.6666667	1.0	8.858013	0
156	0	234.12	617.097	278.6	617.151	$8,270.00	0.0	0.21	0.0	0.0	1.0	0	9	0.6666667	1.0	9.020511	gross_amount
157	0	300.21	617.097	319.67	617.151	0.00	0.0	0.17	0.0	0.0	0.73	0	4	0.75	1.0	0.0	0
158	0	534.002	641.011	558.509	641.059	Totals	0.0	0.22	0.0	0.0	0.0	30	6	0.0	0.0	0.0	0
159	0	73.5	651.511	92.508	651.559	Start	0.0	0.43	0.0	0.0	0.0	26	5	0.0	0.0	0.0	0
160	0	108.751	651.511	124.762	651.559	End	0.0	0.43	0.0	0.0	0.0	28	3	0.0	0.0	0.0	0
161	0	144.0	651.511	181.017	651.559	Inventory	0.0	0.47	0.0	0.0	0.0	85	9	0.0	0.0	0.0	0
162	0	183.519	651.511	205.029	651.559	Code	0.0	0.47	0.0	0.0	0.0	19	4	0.0	0.0	0.0	0
163	0	230.25	651.511	253.758	651.559	Break	0.0	0.46	0.0	0.0	0.0	68	5	0.0	0.0	0.0	0
164	0	258.001	651.511	295.522	651.559	Start/End	0.0	0.42	0.0	0.0	0.0	35	9	0.0	0.0	0.0	0
165	0	298.024	651.511	318.022	651.559	Time	0.0	0.26	0.0	0.0	0.0	22	4	0.0	0.0	0.0	0
166	0	326.251	651.511	346.753	651.559	Days	0.0	0.26	0.0	0.0	0.0	38	4	0.0	0.0	0.0	0
167	0	369.0	651.511	384.012	651.559	Len	0.0	0.24	0.0	0.0	0.0	78	3	0.0	0.0	0.0	0
168	0	389.251	651.511	412.264	651.559	Spots	0.0	0.24	0.0	0.0	0.0	4	5	0.0	0.0	0.0	0
169	0	431.252	651.511	450.26	651.559	Rate	0.0	0.3	0.0	0.0	0.0	13	4	0.0	0.0	0.0	0
170	0	456.752	651.511	467.75	651.559	Pri	0.0	0.33	0.0	0.0	0.0	88	3	0.0	0.0	0.0	0
171	0	475.501	651.511	511.767	651.559	RtgType	0.0	0.33	0.0	0.0	0.0	93	7	0.0	0.0	0.0	0
172	0	516.002	651.511	539.015	651.559	Spots	0.0	0.33	0.0	0.0	0.0	4	5	0.0	0.0	0.0	0
173	0	558.751	651.511	589.765	651.559	Amount	0.0	0.29	0.0	0.0	0.0	25	6	0.0	0.0	0.0	0
174	0	40.905	664.924	62.689	664.967	KNXV	0.0	0.29	0.0	0.0	0.0	747	4	0.0	0.0	0.0	0
175	0	70.501	664.924	101.637	664.967	08/07/12	0.0	0.29	0.0	0.0	0.0	0	8	0.75	0.0	0.0	0
176	0	106.501	664.924	137.637	664.967	08/12/12	0.0	0.24	0.0	0.0	0.0	0	8	0.75	0.0	0.0	0
177	0	144.751	664.924	158.967	664.967	M-F	0.0	0.23	0.0	0.0	0.0	47	3	0.0	0.0	0.0	0
178	0	161.191	664.924	183.863	664.967	6-7am	0.0	0.19	0.0	0.0	0.0	73	5	0.4	0.0	0.0	0
179	0	259.501	664.924	293.285	664.967	6am-7am	0.0	0.17	0.0	0.0	0.0	358	7	0.2857143	0.0	0.0	0
180	0	326.251	664.839	360.019	664.876	-11-1--	0.0	0.17	0.0	0.0	0.0	0	7	0.42857143	0.0	0.0	0
181	0	376.623	664.924	387.743	664.967	:30	0.0	0.16	0.0	0.0	0.0	0	3	0.6666667	0.0	0.0	0
182	0	425.613	664.924	469.2	664.967	$150.00P-6	0.0	0.11	0.0	0.0	0.0	27	10	0.6	0.0	0.0	0
183	0	479.582	664.924	495.15	664.967	0.00	0.0	0.17	0.0	0.0	0.73	0	4	0.75	1.0	0.0	0
184	0	564.363	664.924	593.275	664.967	$450.00	0.0	0.19	0.0	0.0	0.62	0	7	0.71428573	1.0	6.1114674	0
185	0	145.5	675.424	159.716	675.467	M-F	0.0	0.18	0.0	0.0	0.0	47	3	0.0	0.0	0.0	0
186	0	161.94	675.424	184.612	675.467	6-7am	0.0	0.19	0.0	0.0	0.0	73	5	0.4	0.0	0.0	0
187	0	54.0	687.424	70.896	687.467	Start	0.0	0.23	0.0	0.0	0.0	26	5	0.0	0.0	0.0	0
188	0	73.12	687.424	90.016	687.467	Date	0.0	0.16	0.0	0.0	0.0	8	4	0.0	0.0	0.0	0
189	0	101.999	687.424	116.231	687.467	End	0.0	0.22	0.0	0.0	0.0	28	3	0.0	0.0	0.0	0
190	0	118.455	687.424	135.351	687.467	Date	0.0	0.22	0.0	0.0	0.0	8	4	0.0	0.0	0.0	0
191	0	150.001	687.424	187.345	687.467	Weekdays	0.0	0.22	0.0	0.0	0.0	42	8	0.0	0.0	0.0	0
192	0	209.999	687.424	253.127	687.467	Spots/Week	0.0	0.23	0.0	0.0	0.0	33	10	0.0	0.0	0.0	0
193	0	277.501	687.424	294.397	687.467	Rate	0.0	0.32	0.0	0.0	0.0	13	4	0.0	0.0	0.0	0
194	0	310.502	687.424	333.622	687.467	Rating	0.0	0.35	0.0	0.0	0.0	64	6	0.0	0.0	0.0	0
195	0	29.999	697.924	52.671	697.967	Week:	0.0	0.35	0.0	0.0	0.0	29	5	0.0	0.0	0.0	0
196	0	54.751	697.924	85.887	697.967	08/06/12	0.0	0.35	0.0	0.0	0.0	0	8	0.75	0.0	0.0	0
197	0	101.999	697.924	133.135	697.967	08/12/12	0.0	0.33	0.0	0.0	0.0	0	8	0.75	0.0	0.0	0
198	0	150.001	697.089	183.769	697.126	-11-1--	0.0	0.24	0.0	0.0	0.0	0	7	0.42857143	0.0	0.0	0
199	0	265.56	697.924	294.472	697.967	$150.00	0.0	0.14	0.0	0.0	0.62	0	7	0.71428573	1.0	5.0172796	0
200	0	319.679	697.924	335.247	697.967	0.00	0.0	0.15	0.0	0.0	0.73	0	4	0.75	1.0	0.0	0
201	0	40.905	709.924	62.689	709.967	KNXV	0.0	0.29	0.0	0.0	0.0	747	4	0.0	0.0	0.0	0
202	0	70.501	709.924	101.637	709.967	08/07/12	0.0	0.29	0.0	0.0	0.0	0	8	0.75	0.0	0.0	0
203	0	106.501	709.924	137.637	709.967	08/12/12	0.0	0.24	0.0	0.0	0.0	0	8	0.75	0.0	0.0	0
204	0	144.751	709.924	158.967	709.967	M-F	0.0	0.23	0.0	0.0	0.0	47	3	0.0	0.0	0.0	0
205	0	161.191	709.924	183.863	709.967	7-9am	0.0	0.19	0.0	0.0	0.0	73	5	0.4	0.0	0.0	0
206	0	259.501	709.924	293.285	709.967	7am-9am	0.0	0.17	0.0	0.0	0.0	358	7	0.2857143	0.0	0.0	0
207	0	326.251	709.839	360.019	709.876	-111---	0.0	0.17	0.0	0.0	0.0	0	7	0.42857143	0.0	0.0	0
208	0	376.623	709.924	387.743	709.967	:30	0.0	0.16	0.0	0.0	0.0	0	3	0.6666667	0.0	0.0	0
209	0	425.613	709.924	469.2	709.967	$225.00P-3	0.0	0.13	0.0	0.0	0.0	27	10	0.6	0.0	0.0	0
210	0	479.582	709.924	495.15	709.967	0.00	0.0	0.17	0.0	0.0	0.73	0	4	0.75	1.0	0.0	0
211	0	564.363	709.924	593.275	709.967	$675.00	0.0	0.19	0.0	0.0	0.62	0	7	0.71428573	1.0	6.516193	0
212	0	145.5	720.424	159.716	720.467	M-F	0.0	0.18	0.0	0.0	0.0	47	3	0.0	0.0	0.0	0
213	0	161.94	720.424	184.612	720.467	7-9am	0.0	0.19	0.0	0.0	0.0	73	5	0.4	0.0	0.0	0
214	0	54.0	732.424	70.896	732.467	Start	0.0	0.23	0.0	0.0	0.0	26	5	0.0	0.0	0.0	0
215	0	73.12	732.424	90.016	732.467	Date	0.0	0.16	0.0	0.0	0.0	8	4	0.0	0.0	0.0	0
216	0	101.999	732.424	116.231	732.467	End	0.0	0.22	0.0	0.0	0.0	28	3	0.0	0.0	0.0	0
217	0	118.455	732.424	135.351	732.467	Date	0.0	0.22	0.0	0.0	0.0	8	4	0.0	0.0	0.0	0
218	0	150.001	732.424	187.345	732.467	Weekdays	0.0	0.22	0.0	0.0	0.0	42	8	0.0	0.0	0.0	0
219	0	209.999	732.424	253.127	732.467	Spots/Week	0.0	0.23	0.0	0.0	0.0	33	10	0.0	0.0	0.0	0
220	0	277.501	732.424	294.397	732.467	Rate	0.0	0.32	0.0	0.0	0.0	13	4	0.0	0.0	0.0	0
221	0	310.502	732.424	333.622	732.467	Rating	0.0	0.35	0.0	0.0	0.0	64	6	0.0	0.0	0.0	0
222	0	29.999	742.924	52.671	742.967	Week:	0.0	0.35	0.0	0.0	0.0	29	5	0.0	0.0	0.0	0
223	0	54.751	742.924	85.887	742.967	08/06/12	0.0	0.35	0.0	0.0	0.0	0	8	0.75	0.0	0.0	0
224	0	101.999	742.924	133.135	742.967	08/12/12	0.0	0.33	0.0	0.0	0.0	0	8	0.75	0.0	0.0	0
225	0	150.001	742.089	183.769	742.126	-111---	0.0	0.24	0.0	0.0	0.0	0	7	0.42857143	0.0	0.0	0
226	0	265.56	742.924	294.472	742.967	$225.00	0.0	0.14	0.0	0.0	0.62	0	7	0.71428573	1.0	5.420535	0
227	0	319.679	742.924	335.247	742.967	0.00	0.0	0.13	0.0	0.0	0.73	0	4	0.75	1.0	0.0	0
228	0	40.905	754.924	62.689	754.967	KNXV	0.0	0.29	0.0	0.0	0.0	747	4	0.0	0.0	0.0	0
229	0	70.501	754.924	101.637	754.967	08/07/12	0.0	0.29	0.0	0.0	0.0	0	8	0.75	0.0	0.0	0
230	0	106.501	754.924	137.637	754.967	08/12/12	0.0	0.24	0.0	0.0	0.0	0	8	0.75	0.0	0.0	0
231	0	144.751	754.924	158.967	754.967	M-F	0.0	0.23	0.0	0.0	0.0	47	3	0.0	0.0	0.0	0
232	0	163.415	754.924	206.095	754.967	430pm-5pm	0.0	0.18	0.0	0.0	0.0	298	9	0.44444445	0.0	0.0	0
233	0	259.501	754.924	302.181	754.967	430pm-5pm	0.0	0.18	0.0	0.0	0.0	298	9	0.44444445	0.0	0.0	0
234	0	326.251	754.839	360.019	754.876	--1-1--	0.0	0.17	0.0	0.0	0.0	0	7	0.2857143	0.0	0.0	0
235	0	376.623	754.924	387.743	754.967	:30	0.0	0.14	0.0	0.0	0.0	0	3	0.6666667	0.0	0.0	0
236	0	425.613	754.924	469.2	754.967	$225.00P-6	0.0	0.16	0.0	0.0	0.0	27	10	0.6	0.0	0.0	0
237	0	479.582	754.924	495.15	754.967	0.00	0.0	0.23	0.0	0.0	0.73	0	4	0.75	1.0	0.0	0
238	0	564.363	754.924	593.275	754.967	$225.00	0.0	0.26	0.0	0.0	0.62	0	7	0.71428573	1.0	5.420535	0
239	0	145.5	765.424	159.716	765.467	M-F	0.0	0.24	0.0	0.0	0.0	47	3	0.0	0.0	0.0	0
240	0	164.164	765.424	206.844	765.467	430pm-5pm	0.0	0.25	0.0	0.0	0.0	298	9	0.44444445	0.0	0.0	0
241	1	434.251	27.424	450.699	27.467	Print	0.0	0.31	0.0	0.0	0.0	37	5	0.0	0.0	0.0	0
242	1	452.923	27.424	505.137	27.467	Date:08/08/12	0.0	0.31	0.0	0.0	0.0	8	13	0.46153846	0.0	0.0	0
243	1	533.251	27.424	551.931	27.467	Page	0.0	0.28	0.0	0.0	0.0	7	4	0.0	0.0	0.0	0
244	1	123.749	34.696	151.529	34.766	KNXV	0.0	0.33	0.0	0.0	0.0	747	4	0.0	0.0	0.0	0
245	1	18.0	115.347	55.79	115.401	Contract	0.0	0.36	0.0	0.0	0.0	53	8	0.0	0.0	0.0	0
246	1	64.13	115.347	102.47	115.401	Revision	0.0	0.36	0.0	0.0	0.0	75	8	0.0	0.0	0.0	0
247	1	130.408	115.696	163.768	115.766	307100	0.0	0.36	0.0	0.0	0.62	0	6	1.0	1.0	12.634932	0
248	1	186.001	115.347	210.451	115.401	Flight	0.0	0.32	0.0	0.0	0.0	61	6	0.0	0.0	0.0	0
249	1	213.231	115.347	321.171	115.766	Dates08/07/12-08/12/12	0.0	0.32	0.0	0.0	0.0	18	22	0.54545456	0.0	0.0	0
250	1	372.002	115.347	400.342	115.401	Hiatus	0.0	0.25	0.0	0.0	0.0	245	6	0.0	0.0	0.0	0
251	1	403.122	115.347	429.242	115.401	Dates	0.0	0.25	0.0	0.0	0.0	18	5	0.0	0.0	0.0	0
252	1	18.0	133.347	52.45	133.401	Original	0.0	0.24	0.0	0.0	0.0	39	8	0.0	0.0	0.0	0
253	1	55.23	133.347	76.35	133.401	Date	0.0	0.33	0.0	0.0	0.0	8	4	0.0	0.0	0.0	0
254	1	84.69	133.347	123.03	133.401	Revision	0.0	0.37	0.0	0.0	0.0	75	8	0.0	0.0	0.0	0
255	1	131.64	133.347	174.531	133.401	08/06/12/	0.0	0.37	0.0	0.0	0.0	0	9	0.6666667	0.0	0.0	0
256	1	183.389	133.347	222.309	133.401	08/08/12	0.0	0.3	0.0	0.0	0.0	0	8	0.75	0.0	0.0	0
257	1	372.002	133.347	397.562	133.401	Order	0.0	0.32	0.0	0.0	0.0	9	5	0.0	0.0	0.0	0
258	1	400.342	133.347	418.132	133.401	Sep	0.0	0.32	0.0	0.0	0.0	241	3	0.0	0.0	0.0	0
259	1	432.0	133.347	470.92	133.401	00:20:00	0.0	0.32	0.0	0.0	0.0	0	8	0.75	0.0	0.0	0
260	1	18.0	157.347	63.01	157.401	Advertiser	0.0	0.35	0.0	0.0	0.0	6	10	0.0	0.0	0.0	0
261	1	72.0	157.696	107.57	157.766	Sinema	0.0	0.44	0.0	0.0	0.0	3188	6	0.0	0.0	0.0	0
262	1	115.91	157.696	162.03	157.766	Democrat	0.0	0.44	0.0	0.0	0.0	700	8	0.0	0.0	0.0	0
263	1	170.37	157.347	275.571	157.766	CongrePsrsoductSinema	0.0	0.74	0.0	0.0	0.0	4650	21	0.0	0.0	0.0	0
264	1	278.351	157.696	291.681	157.766	for	0.0	0.83	0.0	0.0	0.0	50	3	0.0	0.0	0.0	0
265	1	294.461	157.696	340.581	157.766	Congress	0.0	0.83	0.0	0.0	0.0	290	8	0.0	0.0	0.0	0
266	1	343.361	157.696	365.601	157.766	2012	0.0	0.83	0.0	0.0	0.71	0	4	1.0	1.0	7.6073813	0
267	1	372.002	157.347	410.902	157.401	Estimate	0.0	0.68	0.0	0.0	0.0	23	8	0.0	0.0	0.0	0
268	1	432.0	157.696	459.8	157.766	11565	0.0	0.34	0.0	0.0	0.4	0	5	1.0	1.0	9.355825	0
269	1	534.002	180.511	558.509	180.559	Totals	0.0	0.29	0.0	0.0	0.0	30	6	0.0	0.0	0.0	0
270	1	73.5	191.011	92.508	191.059	Start	0.0	0.43	0.0	0.0	0.0	26	5	0.0	0.0	0.0	0
271	1	108.751	191.011	124.762	191.059	End	0.0	0.43	0.0	0.0	0.0	28	3	0.0	0.0	0.0	0
272	1	144.0	191.011	181.017	191.059	Inventory	0.0	0.47	0.0	0.0	0.0	85	9	0.0	0.0	0.0	0
273	1	183.519	191.011	205.029	191.059	Code	0.0	0.47	0.0	0.0	0.0	19	4	0.0	0.0	0.0	0
274	1	230.25	191.011	253.758	191.059	Break	0.0	0.46	0.0	0.0	0.0	68	5	0.0	0.0	0.0	0
275	1	258.001	191.011	295.522	191.059	Start/End	0.0	0.42	0.0	0.0	0.0	35	9	0.0	0.0	0.0	0
276	1	298.024	191.011	318.022	191.059	Time	0.0	0.26	0.0	0.0	0.0	22	4	0.0	0.0	0.0	0
277	1	326.251	191.011	346.753	191.059	Days	0.0	0.26	0.0	0.0	0.0	38	4	0.0	0.0	0.0	0
278	1	369.0	191.011	384.012	191.059	Len	0.0	0.24	0.0	0.0	0.0	78	3	0.0	0.0	0.0	0
279	1	389.251	191.011	412.264	191.059	Spots	0.0	0.24	0.0	0.0	0.0	4	5	0.0	0.0	0.0	0
280	1	431.252	191.011	450.26	191.059	Rate	0.0	0.3	0.0	0.0	0.0	13	4	0.0	0.0	0.0	0
281	1	456.752	191.011	467.75	191.059	Pri	0.0	0.33	0.0	0.0	0.0	88	3	0.0	0.0	0.0	0
282	1	475.501	191.011	511.767	191.059	RtgType	0.0	0.33	0.0	0.0	0.0	93	7	0.0	0.0	0.0	0
283	1	516.002	191.011	539.015	191.059	Spots	0.0	0.33	0.0	0.0	0.0	4	5	0.0	0.0	0.0	0
284	1	558.751	191.011	589.765	191.059	Amount	0.0	0.29	0.0	0.0	0.0	25	6	0.0	0.0	0.0	0
285	1	40.905	204.424	62.689	204.467	KNXV	0.0	0.29	0.0	0.0	0.0	747	4	0.0	0.0	0.0	0
286	1	70.501	204.424	101.637	204.467	08/07/12	0.0	0.29	0.0	0.0	0.0	0	8	0.75	0.0	0.0	0
287	1	106.501	204.424	137.637	204.467	08/12/12	0.0	0.24	0.0	0.0	0.0	0	8	0.75	0.0	0.0	0
288	1	144.751	204.424	158.967	204.467	M-F	0.0	0.23	0.0	0.0	0.0	47	3	0.0	0.0	0.0	0
289	1	163.415	204.424	206.095	204.467	430pm-5pm	0.0	0.18	0.0	0.0	0.0	298	9	0.44444445	0.0	0.0	0
290	1	259.501	204.424	302.181	204.467	430pm-5pm	0.0	0.18	0.0	0.0	0.0	298	9	0.44444445	0.0	0.0	0
291	1	326.251	204.339	360.019	204.376	--1-1--	0.0	0.17	0.0	0.0	0.0	0	7	0.2857143	0.0	0.0	0
292	1	376.623	204.424	387.743	204.467	:30	0.0	0.14	0.0	0.0	0.0	0	3	0.6666667	0.0	0.0	0
293	1	425.613	204.424	469.2	204.467	$225.00P-6	0.0	0.16	0.0	0.0	0.0	27	10	0.6	0.0	0.0	0
294	1	479.582	204.424	495.15	204.467	0.00	0.0	0.23	0.0	0.0	0.73	0	4	0.75	1.0	0.0	0
295	1	564.363	204.424	593.275	204.467	$225.00	0.0	0.26	0.0	0.0	0.62	0	7	0.71428573	1.0	5.420535	0
296	1	145.5	214.924	159.716	214.967	M-F	0.0	0.18	0.0	0.0	0.0	47	3	0.0	0.0	0.0	0
297	1	164.164	214.924	206.844	214.967	430pm-5pm	0.0	0.18	0.0	0.0	0.0	298	9	0.44444445	0.0	0.0	0
298	1	54.0	226.924	70.896	226.967	Start	0.0	0.23	0.0	0.0	0.0	26	5	0.0	0.0	0.0	0
299	1	73.12	226.924	90.016	226.967	Date	0.0	0.16	0.0	0.0	0.0	8	4	0.0	0.0	0.0	0
300	1	101.999	226.924	116.231	226.967	End	0.0	0.22	0.0	0.0	0.0	28	3	0.0	0.0	0.0	0
301	1	118.455	226.924	135.351	226.967	Date	0.0	0.22	0.0	0.0	0.0	8	4	0.0	0.0	0.0	0
302	1	150.001	226.924	187.345	226.967	Weekdays	0.0	0.22	0.0	0.0	0.0	42	8	0.0	0.0	0.0	0
303	1	209.999	226.924	253.127	226.967	Spots/Week	0.0	0.23	0.0	0.0	0.0	33	10	0.0	0.0	0.0	0
304	1	277.501	226.924	294.397	226.967	Rate	0.0	0.32	0.0	0.0	0.0	13	4	0.0	0.0	0.0	0
305	1	310.502	226.924	333.622	226.967	Rating	0.0	0.35	0.0	0.0	0.0	64	6	0.0	0.0	0.0	0
306	1	29.999	237.424	52.671	237.467	Week:	0.0	0.35	0.0	0.0	0.0	29	5	0.0	0.0	0.0	0
307	1	54.751	237.424	85.887	237.467	08/06/12	0.0	0.35	0.0	0.0	0.0	0	8	0.75	0.0	0.0	0
308	1	101.999	237.424	133.135	237.467	08/12/12	0.0	0.33	0.0	0.0	0.0	0	8	0.75	0.0	0.0	0
309	1	150.001	236.589	183.769	236.626	--1-1--	0.0	0.24	0.0	0.0	0.0	0	7	0.2857143	0.0	0.0	0
310	1	265.56	237.424	294.472	237.467	$225.00	0.0	0.14	0.0	0.0	0.62	0	7	0.71428573	1.0	5.420535	0
311	1	319.679	237.424	335.247	237.467	0.00	0.0	0.3	0.0	0.0	0.73	0	4	0.75	1.0	0.0	0
312	1	24.001	247.174	40.457	247.217	Spot	0.0	0.33	0.0	0.0	0.0	133	4	0.0	0.0	0.0	0
313	1	55.5	247.174	85.146	247.217	ChDate	0.0	0.33	0.0	0.0	0.0	253	6	0.0	0.0	0.0	0
314	1	87.37	247.174	110.938	247.217	Range	0.0	0.33	0.0	0.0	0.0	182	5	0.0	0.0	0.0	0
315	1	135.0	247.174	175.008	247.217	Description	0.0	0.29	0.0	0.0	0.0	62	11	0.0	0.0	0.0	0
316	1	240.001	247.174	273.353	247.217	Start/End	0.0	0.29	0.0	0.0	0.0	35	9	0.0	0.0	0.0	0
317	1	275.577	247.174	293.353	247.217	Time	0.0	0.28	0.0	0.0	0.0	22	4	0.0	0.0	0.0	0
318	1	357.749	247.174	395.093	247.217	Weekdays	0.0	0.31	0.0	0.0	0.0	42	8	0.0	0.0	0.0	0
319	1	407.251	247.174	431.715	247.217	Length	0.0	0.32	0.0	0.0	0.0	56	6	0.0	0.0	0.0	0
320	1	452.251	247.174	469.147	247.217	Rate	0.0	0.32	0.0	0.0	0.0	13	4	0.0	0.0	0.0	0
321	1	474.752	247.174	487.2	247.217	Rtg	0.0	0.3	0.0	0.0	0.0	225	3	0.0	0.0	0.0	0
322	1	491.76	247.174	509.544	247.217	Type	0.0	0.3	0.0	0.0	0.0	45	4	0.0	0.0	0.0	0
323	1	43.322	257.793	65.106	257.837	KNXV	0.0	0.18	0.0	0.0	0.0	747	4	0.0	0.0	0.0	0
324	1	68.25	257.793	149.216	257.837	08/06/12-08/12/12M-F	0.0	0.18	0.0	0.0	0.0	47	20	0.6	0.0	0.0	0
325	1	153.664	257.793	196.344	257.837	430pm-5pm	0.0	0.15	0.0	0.0	0.0	298	9	0.44444445	0.0	0.0	0
326	1	240.001	257.674	282.681	257.717	430pm-5pm	0.0	0.15	0.0	0.0	0.0	298	9	0.44444445	0.0	0.0	0
327	1	357.749	257.589	405.989	257.626	--W--F----	0.0	0.15	0.0	0.0	0.0	559	10	0.0	0.0	0.0	0
328	1	419.372	257.793	430.492	257.837	:30	0.0	0.15	0.0	0.0	0.0	0	3	0.6666667	0.0	0.0	0
329	1	436.893	257.793	471.133	257.837	($225.00)	0.0	0.23	0.0	0.0	0.0	0	9	0.5555556	0.0	0.0	0
330	1	477.331	257.674	492.899	257.717	0.00	0.0	0.29	0.0	0.0	0.73	0	4	0.75	1.0	0.0	0
331	1	54.751	269.043	84.983	269.087	Credited	0.0	0.32	0.0	0.0	0.0	255	8	0.0	0.0	0.0	0
332	1	40.905	283.174	62.689	283.217	KNXV	0.0	0.29	0.0	0.0	0.0	747	4	0.0	0.0	0.0	0
333	1	70.501	283.174	101.637	283.217	08/07/12	0.0	0.29	0.0	0.0	0.0	0	8	0.75	0.0	0.0	0
334	1	106.501	283.174	137.637	283.217	08/12/12	0.0	0.24	0.0	0.0	0.0	0	8	0.75	0.0	0.0	0
335	1	144.751	283.174	158.967	283.217	M-F	0.0	0.23	0.0	0.0	0.0	47	3	0.0	0.0	0.0	0
336	1	163.415	283.174	206.095	283.217	4pm-430pm	0.0	0.18	0.0	0.0	0.0	298	9	0.44444445	0.0	0.0	0
337	1	259.501	283.174	302.181	283.217	4pm-430pm	0.0	0.18	0.0	0.0	0.0	298	9	0.44444445	0.0	0.0	0
338	1	326.251	283.089	360.019	283.126	-1-11--	0.0	0.17	0.0	0.0	0.0	0	7	0.42857143	0.0	0.0	0
339	1	376.623	283.174	387.743	283.217	:30	0.0	0.15	0.0	0.0	0.0	0	3	0.6666667	0.0	0.0	0
340	1	425.613	283.174	469.2	283.217	$350.00P-2	0.0	0.11	0.0	0.0	0.0	27	10	0.6	0.0	0.0	0
341	1	479.582	283.174	495.15	283.217	0.00	0.0	0.16	0.0	0.0	0.73	0	4	0.75	1.0	0.0	0
342	1	557.643	283.174	593.227	283.217	$1,050.00	0.0	0.19	0.0	0.0	0.57	0	9	0.6666667	1.0	6.9574976	0
343	1	145.5	293.674	161.948	293.717	4PM	0.0	0.24	0.0	0.0	0.0	55	3	0.33333334	0.0	0.0	0
344	1	164.172	293.674	184.172	293.717	News	0.0	0.27	0.0	0.0	0.0	17	4	0.0	0.0	0.0	0
345	1	54.0	305.674	70.896	305.717	Start	0.0	0.27	0.0	0.0	0.0	26	5	0.0	0.0	0.0	0
346	1	73.12	305.674	90.016	305.717	Date	0.0	0.24	0.0	0.0	0.0	8	4	0.0	0.0	0.0	0
347	1	101.999	305.674	116.231	305.717	End	0.0	0.22	0.0	0.0	0.0	28	3	0.0	0.0	0.0	0
348	1	118.455	305.674	135.351	305.717	Date	0.0	0.22	0.0	0.0	0.0	8	4	0.0	0.0	0.0	0
349	1	150.001	305.674	187.345	305.717	Weekdays	0.0	0.22	0.0	0.0	0.0	42	8	0.0	0.0	0.0	0
350	1	209.999	305.674	253.127	305.717	Spots/Week	0.0	0.23	0.0	0.0	0.0	33	10	0.0	0.0	0.0	0
351	1	277.501	305.674	294.397	305.717	Rate	0.0	0.32	0.0	0.0	0.0	13	4	0.0	0.0	0.0	0
352	1	310.502	305.674	333.622	305.717	Rating	0.0	0.35	0.0	0.0	0.0	64	6	0.0	0.0	0.0	0
353	1	29.999	316.174	52.671	316.217	Week:	0.0	0.35	0.0	0.0	0.0	29	5	0.0	0.0	0.0	0
354	1	54.751	316.174	85.887	316.217	08/06/12	0.0	0.35	0.0	0.0	0.0	0	8	0.75	0.0	0.0	0
355	1	101.999	316.174	133.135	316.217	08/12/12	0.0	0.33	0.0	0.0	0.0	0	8	0.75	0.0	0.0	0
356	1	150.001	315.339	183.769	315.376	-1-11--	0.0	0.24	0.0	0.0	0.0	0	7	0.42857143	0.0	0.0	0
357	1	265.56	316.174	294.472	316.217	$350.00	0.0	0.14	0.0	0.0	0.62	0	7	0.71428573	1.0	5.8607864	0
358	1	319.679	316.174	335.247	316.217	0.00	0.0	0.13	0.0	0.0	0.73	0	4	0.75	1.0	0.0	0
359	1	40.905	328.174	62.689	328.217	KNXV	0.0	0.29	0.0	0.0	0.0	747	4	0.0	0.0	0.0	0
360	1	70.501	328.174	101.637	328.217	08/07/12	0.0	0.29	0.0	0.0	0.0	0	8	0.75	0.0	0.0	0
361	1	106.501	328.174	137.637	328.217	08/12/12	0.0	0.24	0.0	0.0	0.0	0	8	0.75	0.0	0.0	0
362	1	144.751	328.174	158.967	328.217	M-F	0.0	0.23	0.0	0.0	0.0	47	3	0.0	0.0	0.0	0
363	1	163.415	328.174	206.095	328.217	5pm-530pm	0.0	0.18	0.0	0.0	0.0	298	9	0.44444445	0.0	0.0	0
364	1	259.501	328.174	302.181	328.217	5pm-530pm	0.0	0.18	0.0	0.0	0.0	298	9	0.44444445	0.0	0.0	0
365	1	326.251	328.089	360.019	328.126	-1111--	0.0	0.17	0.0	0.0	0.0	0	7	0.5714286	0.0	0.0	0
366	1	376.623	328.174	387.743	328.217	:30	0.0	0.15	0.0	0.0	0.0	0	3	0.6666667	0.0	0.0	0
367	1	425.613	328.174	469.2	328.217	$450.00P-3	0.0	0.11	0.0	0.0	0.0	27	10	0.6	0.0	0.0	0
368	1	479.582	328.174	495.15	328.217	0.00	0.0	0.16	0.0	0.0	0.73	0	4	0.75	1.0	0.0	0
369	1	557.643	328.174	593.227	328.217	$1,350.00	0.0	0.18	0.0	0.0	0.57	0	9	0.6666667	1.0	7.2086005	0
370	1	145.5	338.674	159.716	338.717	M-F	0.0	0.18	0.0	0.0	0.0	47	3	0.0	0.0	0.0	0
371	1	164.164	338.674	206.844	338.717	5pm-530pm	0.0	0.18	0.0	0.0	0.0	298	9	0.44444445	0.0	0.0	0
372	1	54.0	350.674	70.896	350.717	Start	0.0	0.23	0.0	0.0	0.0	26	5	0.0	0.0	0.0	0
373	1	73.12	350.674	90.016	350.717	Date	0.0	0.16	0.0	0.0	0.0	8	4	0.0	0.0	0.0	0
374	1	101.999	350.674	116.231	350.717	End	0.0	0.22	0.0	0.0	0.0	28	3	0.0	0.0	0.0	0
375	1	118.455	350.674	135.351	350.717	Date	0.0	0.22	0.0	0.0	0.0	8	4	0.0	0.0	0.0	0
376	1	150.001	350.674	187.345	350.717	Weekdays	0.0	0.22	0.0	0.0	0.0	42	8	0.0	0.0	0.0	0
377	1	209.999	350.674	253.127	350.717	Spots/Week	0.0	0.23	0.0	0.0	0.0	33	10	0.0	0.0	0.0	0
378	1	277.501	350.674	294.397	350.717	Rate	0.0	0.32	0.0	0.0	0.0	13	4	0.0	0.0	0.0	0
379	1	310.502	350.674	333.622	350.717	Rating	0.0	0.35	0.0	0.0	0.0	64	6	0.0	0.0	0.0	0
380	1	29.999	361.174	52.671	361.217	Week:	0.0	0.35	0.0	0.0	0.0	29	5	0.0	0.0	0.0	0
381	1	54.751	361.174	85.887	361.217	08/06/12	0.0	0.35	0.0	0.0	0.0	0	8	0.75	0.0	0.0	0
382	1	101.999	361.174	133.135	361.217	08/12/12	0.0	0.33	0.0	0.0	0.0	0	8	0.75	0.0	0.0	0
383	1	150.001	360.339	183.769	360.376	-1111--	0.0	0.24	0.0	0.0	0.0	0	7	0.5714286	0.0	0.0	0
384	1	265.56	361.174	294.472	361.217	$450.00	0.0	0.14	0.0	0.0	0.62	0	7	0.71428573	1.0	6.1114674	0
385	1	319.679	361.174	335.247	361.217	0.00	0.0	0.3	0.0	0.0	0.73	0	4	0.75	1.0	0.0	0
386	1	24.001	370.924	40.457	370.967	Spot	0.0	0.33	0.0	0.0	0.0	133	4	0.0	0.0	0.0	0
387	1	55.5	370.924	85.146	370.967	ChDate	0.0	0.33	0.0	0.0	0.0	253	6	0.0	0.0	0.0	0
388	1	87.37	370.924	110.938	370.967	Range	0.0	0.33	0.0	0.0	0.0	182	5	0.0	0.0	0.0	0
389	1	135.0	370.924	175.008	370.967	Description	0.0	0.29	0.0	0.0	0.0	62	11	0.0	0.0	0.0	0
390	1	240.001	370.924	273.353	370.967	Start/End	0.0	0.29	0.0	0.0	0.0	35	9	0.0	0.0	0.0	0
391	1	275.577	370.924	293.353	370.967	Time	0.0	0.28	0.0	0.0	0.0	22	4	0.0	0.0	0.0	0
392	1	357.749	370.924	395.093	370.967	Weekdays	0.0	0.31	0.0	0.0	0.0	42	8	0.0	0.0	0.0	0
393	1	407.251	370.924	431.715	370.967	Length	0.0	0.32	0.0	0.0	0.0	56	6	0.0	0.0	0.0	0
394	1	452.251	370.924	469.147	370.967	Rate	0.0	0.32	0.0	0.0	0.0	13	4	0.0	0.0	0.0	0
395	1	474.752	370.924	487.2	370.967	Rtg	0.0	0.29	0.0	0.0	0.0	225	3	0.0	0.0	0.0	0
396	1	491.76	370.924	509.544	370.967	Type	0.0	0.26	0.0	0.0	0.0	45	4	0.0	0.0	0.0	0
397	1	43.322	381.543	65.106	381.587	KNXV	0.0	0.18	0.0	0.0	0.0	747	4	0.0	0.0	0.0	0
398	1	68.25	381.543	149.216	381.587	08/06/12-08/12/12M-F	0.0	0.18	0.0	0.0	0.0	47	20	0.6	0.0	0.0	0
399	1	153.664	381.543	196.344	381.587	5pm-530pm	0.0	0.15	0.0	0.0	0.0	298	9	0.44444445	0.0	0.0	0
400	1	240.001	381.424	282.681	381.467	5pm-530pm	0.0	0.14	0.0	0.0	0.0	298	9	0.44444445	0.0	0.0	0
401	1	357.749	381.339	405.989	381.376	-TWThF----	0.0	0.14	0.0	0.0	0.0	813	10	0.0	0.0	0.0	0
402	1	419.372	381.543	430.492	381.587	:30	0.0	0.14	0.0	0.0	0.0	0	3	0.6666667	0.0	0.0	0
403	1	436.893	381.543	471.133	381.587	($450.00)	0.0	0.23	0.0	0.0	0.0	0	9	0.5555556	0.0	0.0	0
404	1	477.331	381.424	492.899	381.467	0.00	0.0	0.29	0.0	0.0	0.73	0	4	0.75	1.0	0.0	0
405	1	54.751	392.793	84.983	392.837	Credited	0.0	0.32	0.0	0.0	0.0	255	8	0.0	0.0	0.0	0
406	1	40.905	406.924	62.689	406.967	KNXV	0.0	0.29	0.0	0.0	0.0	747	4	0.0	0.0	0.0	0
407	1	70.501	406.924	101.637	406.967	08/07/12	0.0	0.29	0.0	0.0	0.0	0	8	0.75	0.0	0.0	0
408	1	106.501	406.924	137.637	406.967	08/12/12	0.0	0.24	0.0	0.0	0.0	0	8	0.75	0.0	0.0	0
409	1	144.751	406.924	158.967	406.967	M-F	0.0	0.23	0.0	0.0	0.0	47	3	0.0	0.0	0.0	0
410	1	161.191	406.924	203.871	406.967	6pm-630pm	0.0	0.18	0.0	0.0	0.0	298	9	0.44444445	0.0	0.0	0
411	1	259.501	406.924	302.181	406.967	6pm-630pm	0.0	0.18	0.0	0.0	0.0	298	9	0.44444445	0.0	0.0	0
412	1	326.251	406.839	360.019	406.876	-1111--	0.0	0.17	0.0	0.0	0.0	0	7	0.5714286	0.0	0.0	0
413	1	376.623	406.924	387.743	406.967	:30	0.0	0.15	0.0	0.0	0.0	0	3	0.6666667	0.0	0.0	0
414	1	425.613	406.924	469.2	406.967	$250.00P-6	0.0	0.16	0.0	0.0	0.0	27	10	0.6	0.0	0.0	0
415	1	479.582	406.924	495.15	406.967	0.00	0.0	0.23	0.0	0.0	0.73	0	4	0.75	1.0	0.0	0
416	1	564.363	406.924	593.275	406.967	$500.00	0.0	0.26	0.0	0.0	0.62	0	7	0.71428573	1.0	6.216606	0
417	1	145.5	417.424	159.716	417.467	M-F	0.0	0.18	0.0	0.0	0.0	47	3	0.0	0.0	0.0	0
418	1	161.94	417.424	204.62	417.467	6pm-630pm	0.0	0.18	0.0	0.0	0.0	298	9	0.44444445	0.0	0.0	0
419	1	54.0	429.424	70.896	429.467	Start	0.0	0.23	0.0	0.0	0.0	26	5	0.0	0.0	0.0	0
420	1	73.12	429.424	90.016	429.467	Date	0.0	0.16	0.0	0.0	0.0	8	4	0.0	0.0	0.0	0
421	1	101.999	429.424	116.231	429.467	End	0.0	0.22	0.0	0.0	0.0	28	3	0.0	0.0	0.0	0
422	1	118.455	429.424	135.351	429.467	Date	0.0	0.22	0.0	0.0	0.0	8	4	0.0	0.0	0.0	0
423	1	150.001	429.424	187.345	429.467	Weekdays	0.0	0.22	0.0	0.0	0.0	42	8	0.0	0.0	0.0	0
424	1	209.999	429.424	253.127	429.467	Spots/Week	0.0	0.23	0.0	0.0	0.0	33	10	0.0	0.0	0.0	0
425	1	277.501	429.424	294.397	429.467	Rate	0.0	0.32	0.0	0.0	0.0	13	4	0.0	0.0	0.0	0
426	1	310.502	429.424	333.622	429.467	Rating	0.0	0.35	0.0	0.0	0.0	64	6	0.0	0.0	0.0	0
427	1	29.999	439.924	52.671	439.967	Week:	0.0	0.35	0.0	0.0	0.0	29	5	0.0	0.0	0.0	0
428	1	54.751	439.924	85.887	439.967	08/06/12	0.0	0.35	0.0	0.0	0.0	0	8	0.75	0.0	0.0	0
429	1	101.999	439.924	133.135	439.967	08/12/12	0.0	0.33	0.0	0.0	0.0	0	8	0.75	0.0	0.0	0
430	1	150.001	439.089	183.769	439.126	-1111--	0.0	0.24	0.0	0.0	0.0	0	7	0.5714286	0.0	0.0	0
431	1	265.56	439.924	294.472	439.967	$250.00	0.0	0.14	0.0	0.0	0.77	0	7	0.71428573	1.0	5.525453	0
432	1	319.679	439.924	335.247	439.967	0.00	0.0	0.3	0.0	0.0	0.73	0	4	0.75	1.0	0.0	0
433	1	24.001	449.674	40.457	449.717	Spot	0.0	0.33	0.0	0.0	0.0	133	4	0.0	0.0	0.0	0
434	1	55.5	449.674	85.146	449.717	ChDate	0.0	0.33	0.0	0.0	0.0	253	6	0.0	0.0	0.0	0
435	1	87.37	449.674	110.938	449.717	Range	0.0	0.33	0.0	0.0	0.0	182	5	0.0	0.0	0.0	0
436	1	135.0	449.674	175.008	449.717	Description	0.0	0.29	0.0	0.0	0.0	62	11	0.0	0.0	0.0	0
437	1	240.001	449.674	273.353	449.717	Start/End	0.0	0.29	0.0	0.0	0.0	35	9	0.0	0.0	0.0	0
438	1	275.577	449.674	293.353	449.717	Time	0.0	0.28	0.0	0.0	0.0	22	4	0.0	0.0	0.0	0
439	1	357.749	449.674	395.093	449.717	Weekdays	0.0	0.31	0.0	0.0	0.0	42	8	0.0	0.0	0.0	0
440	1	407.251	449.674	431.715	449.717	Length	0.0	0.32	0.0	0.0	0.0	56	6	0.0	0.0	0.0	0
441	1	452.251	449.674	469.147	449.717	Rate	0.0	0.32	0.0	0.0	0.0	13	4	0.0	0.0	0.0	0
442	1	474.752	449.674	487.2	449.717	Rtg	0.0	0.29	0.0	0.0	0.0	225	3	0.0	0.0	0.0	0
443	1	491.76	449.674	509.544	449.717	Type	0.0	0.26	0.0	0.0	0.0	45	4	0.0	0.0	0.0	0
444	1	43.322	460.293	65.106	460.337	KNXV	0.0	0.18	0.0	0.0	0.0	747	4	0.0	0.0	0.0	0
445	1	68.25	460.293	149.216	460.337	08/06/12-08/12/12M-F	0.0	0.18	0.0	0.0	0.0	47	20	0.6	0.0	0.0	0
446	1	151.44	460.293	194.12	460.337	6pm-630pm	0.0	0.15	0.0	0.0	0.0	298	9	0.44444445	0.0	0.0	0
447	1	240.001	460.174	282.681	460.217	6pm-630pm	0.0	0.15	0.0	0.0	0.0	298	9	0.44444445	0.0	0.0	0
448	1	357.749	460.089	405.989	460.126	-TWThF----	0.0	0.15	0.0	0.0	0.0	813	10	0.0	0.0	0.0	0
449	1	419.372	460.293	430.492	460.337	:30	0.0	0.15	0.0	0.0	0.0	0	3	0.6666667	0.0	0.0	0
450	1	436.893	460.293	471.133	460.337	($250.00)	0.0	0.23	0.0	0.0	0.0	0	9	0.5555556	0.0	0.0	0
451	1	477.331	460.174	492.899	460.217	0.00	0.0	0.29	0.0	0.0	0.73	0	4	0.75	1.0	0.0	0
452	1	54.751	471.543	84.983	471.587	Credited	0.0	0.32	0.0	0.0	0.0	255	8	0.0	0.0	0.0	0
453	1	43.322	483.543	65.106	483.587	KNXV	0.0	0.28	0.0	0.0	0.0	747	4	0.0	0.0	0.0	0
454	1	68.25	483.543	149.216	483.587	08/06/12-08/12/12M-F	0.0	0.22	0.0	0.0	0.0	47	20	0.6	0.0	0.0	0
455	1	151.44	483.543	194.12	483.587	6pm-630pm	0.0	0.15	0.0	0.0	0.0	298	9	0.44444445	0.0	0.0	0
456	1	240.001	483.424	282.681	483.467	6pm-630pm	0.0	0.15	0.0	0.0	0.0	298	9	0.44444445	0.0	0.0	0
457	1	357.749	483.339	405.989	483.376	-TWThF----	0.0	0.15	0.0	0.0	0.0	813	10	0.0	0.0	0.0	0
458	1	419.372	483.543	430.492	483.587	:30	0.0	0.15	0.0	0.0	0.0	0	3	0.6666667	0.0	0.0	0
459	1	436.893	483.543	471.133	483.587	($250.00)	0.0	0.23	0.0	0.0	0.0	0	9	0.5555556	0.0	0.0	0
460	1	477.331	483.424	492.899	483.467	0.00	0.0	0.29	0.0	0.0	0.73	0	4	0.75	1.0	0.0	0
461	1	54.751	494.803	84.983	494.847	Credited	0.0	0.32	0.0	0.0	0.0	255	8	0.0	0.0	0.0	0
462	1	40.905	508.934	62.689	508.977	KNXV	0.0	0.29	0.0	0.0	0.0	747	4	0.0	0.0	0.0	0
463	1	70.501	508.934	101.637	508.977	08/07/12	0.0	0.29	0.0	0.0	0.0	0	8	0.75	0.0	0.0	0
464	1	106.501	508.934	137.637	508.977	08/12/12	0.0	0.24	0.0	0.0	0.0	0	8	0.75	0.0	0.0	0
465	1	144.751	508.934	158.967	508.977	M-F	0.0	0.24	0.0	0.0	0.0	47	3	0.0	0.0	0.0	0
466	1	161.191	508.934	201.655	508.977	10-1035pm	0.0	0.24	0.0	0.0	0.0	55	9	0.6666667	0.0	0.0	0
467	1	259.501	508.934	311.077	508.977	10pm-1035pm	0.0	0.22	0.0	0.0	0.0	298	11	0.54545456	0.0	0.0	0
468	1	326.251	508.849	360.019	508.886	--111--	0.0	0.16	0.0	0.0	0.0	0	7	0.42857143	0.0	0.0	0
469	1	376.623	508.934	387.743	508.977	:30	0.0	0.14	0.0	0.0	0.0	0	3	0.6666667	0.0	0.0	0
470	1	425.613	508.934	469.2	508.977	$600.00P-6	0.0	0.11	0.0	0.0	0.0	27	10	0.6	0.0	0.0	0
471	1	479.582	508.934	495.15	508.977	0.00	0.0	0.16	0.0	0.0	0.73	0	4	0.75	1.0	0.0	0
472	1	557.643	508.934	593.227	508.977	$1,800.00	0.0	0.22	0.0	0.0	0.71	0	9	0.6666667	1.0	7.4960976	0
473	1	145.5	519.424	165.508	519.467	10pm	0.0	0.24	0.0	0.0	0.0	55	4	0.5	0.0	0.0	0
474	1	167.732	519.424	187.732	519.467	News	0.0	0.27	0.0	0.0	0.0	17	4	0.0	0.0	0.0	0
475	1	54.0	531.434	70.896	531.477	Start	0.0	0.27	0.0	0.0	0.0	26	5	0.0	0.0	0.0	0
476	1	73.12	531.434	90.016	531.477	Date	0.0	0.24	0.0	0.0	0.0	8	4	0.0	0.0	0.0	0
477	1	101.999	531.434	116.231	531.477	End	0.0	0.22	0.0	0.0	0.0	28	3	0.0	0.0	0.0	0
478	1	118.455	531.434	135.351	531.477	Date	0.0	0.22	0.0	0.0	0.0	8	4	0.0	0.0	0.0	0
479	1	150.001	531.434	187.345	531.477	Weekdays	0.0	0.22	0.0	0.0	0.0	42	8	0.0	0.0	0.0	0
480	1	209.999	531.434	253.127	531.477	Spots/Week	0.0	0.23	0.0	0.0	0.0	33	10	0.0	0.0	0.0	0
481	1	277.501	531.434	294.397	531.477	Rate	0.0	0.32	0.0	0.0	0.0	13	4	0.0	0.0	0.0	0
482	1	310.502	531.434	333.622	531.477	Rating	0.0	0.35	0.0	0.0	0.0	64	6	0.0	0.0	0.0	0
483	1	29.999	541.934	52.671	541.977	Week:	0.0	0.35	0.0	0.0	0.0	29	5	0.0	0.0	0.0	0
484	1	54.751	541.934	85.887	541.977	08/06/12	0.0	0.35	0.0	0.0	0.0	0	8	0.75	0.0	0.0	0
485	1	101.999	541.934	133.135	541.977	08/12/12	0.0	0.33	0.0	0.0	0.0	0	8	0.75	0.0	0.0	0
486	1	150.001	541.099	183.769	541.136	--111--	0.0	0.24	0.0	0.0	0.0	0	7	0.42857143	0.0	0.0	0
487	1	265.56	541.934	294.472	541.977	$600.00	0.0	0.14	0.0	0.0	0.62	0	7	0.71428573	1.0	6.398595	0
488	1	319.679	541.934	335.247	541.977	0.00	0.0	0.13	0.0	0.0	0.73	0	4	0.75	1.0	0.0	0
489	1	40.905	553.934	62.689	553.977	KNXV	0.0	0.29	0.0	0.0	0.0	747	4	0.0	0.0	0.0	0
490	1	70.501	553.934	101.637	553.977	08/07/12	0.0	0.29	0.0	0.0	0.0	0	8	0.75	0.0	0.0	0
491	1	106.501	553.934	137.637	553.977	08/12/12	0.0	0.24	0.0	0.0	0.0	0	8	0.75	0.0	0.0	0
492	1	157.647	553.934	198.111	553.977	10-1035pm	0.0	0.22	0.0	0.0	0.0	55	9	0.6666667	0.0	0.0	0
493	1	259.501	553.934	311.077	553.977	10pm-1035pm	0.0	0.22	0.0	0.0	0.0	298	11	0.54545456	0.0	0.0	0
494	1	326.251	553.849	360.019	553.886	-----1-	0.0	0.16	0.0	0.0	0.0	0	7	0.14285715	0.0	0.0	0
495	1	376.623	553.934	387.743	553.977	:30	0.0	0.16	0.0	0.0	0.0	0	3	0.6666667	0.0	0.0	0
496	1	425.613	553.934	469.2	553.977	$450.00P-3	0.0	0.16	0.0	0.0	0.0	27	10	0.6	0.0	0.0	0
497	1	479.582	553.934	495.15	553.977	0.00	0.0	0.21	0.0	0.0	0.73	0	4	0.75	1.0	0.0	0
498	1	564.363	553.934	593.275	553.977	$450.00	0.0	0.23	0.0	0.0	0.62	0	7	0.71428573	1.0	6.1114674	0
499	1	145.5	564.424	165.508	564.467	10pm	0.0	0.24	0.0	0.0	0.0	55	4	0.5	0.0	0.0	0
500	1	167.732	564.424	187.732	564.467	News	0.0	0.27	0.0	0.0	0.0	17	4	0.0	0.0	0.0	0
501	1	54.0	576.434	70.896	576.477	Start	0.0	0.27	0.0	0.0	0.0	26	5	0.0	0.0	0.0	0
502	1	73.12	576.434	90.016	576.477	Date	0.0	0.24	0.0	0.0	0.0	8	4	0.0	0.0	0.0	0
503	1	101.999	576.434	116.231	576.477	End	0.0	0.22	0.0	0.0	0.0	28	3	0.0	0.0	0.0	0
504	1	118.455	576.434	135.351	576.477	Date	0.0	0.22	0.0	0.0	0.0	8	4	0.0	0.0	0.0	0
505	1	150.001	576.434	187.345	576.477	Weekdays	0.0	0.22	0.0	0.0	0.0	42	8	0.0	0.0	0.0	0
506	1	209.999	576.434	253.127	576.477	Spots/Week	0.0	0.23	0.0	0.0	0.0	33	10	0.0	0.0	0.0	0
507	1	277.501	576.434	294.397	576.477	Rate	0.0	0.32	0.0	0.0	0.0	13	4	0.0	0.0	0.0	0
508	1	310.502	576.434	333.622	576.477	Rating	0.0	0.35	0.0	0.0	0.0	64	6	0.0	0.0	0.0	0
509	1	29.999	586.934	52.671	586.977	Week:	0.0	0.35	0.0	0.0	0.0	29	5	0.0	0.0	0.0	0
510	1	54.751	586.934	85.887	586.977	08/06/12	0.0	0.35	0.0	0.0	0.0	0	8	0.75	0.0	0.0	0
511	1	101.999	586.934	133.135	586.977	08/12/12	0.0	0.33	0.0	0.0	0.0	0	8	0.75	0.0	0.0	0
512	1	150.001	586.099	183.769	586.136	-----1-	0.0	0.24	0.0	0.0	0.0	0	7	0.14285715	0.0	0.0	0
513	1	265.56	586.934	294.472	586.977	$450.00	0.0	0.14	0.0	0.0	0.62	0	7	0.71428573	1.0	6.1114674	0
514	1	319.679	586.934	335.247	586.977	0.00	0.0	0.13	0.0	0.0	0.73	0	4	0.75	1.0	0.0	0
515	1	40.905	598.934	62.689	598.977	KNXV	0.0	0.29	0.0	0.0	0.0	747	4	0.0	0.0	0.0	0
516	1	70.501	598.934	101.637	598.977	08/07/12	0.0	0.29	0.0	0.0	0.0	0	8	0.75	0.0	0.0	0
517	1	106.501	598.934	137.637	598.977	08/12/12	0.0	0.24	0.0	0.0	0.0	0	8	0.75	0.0	0.0	0
518	1	158.087	598.934	198.551	598.977	10-1035pm	0.0	0.22	0.0	0.0	0.0	55	9	0.6666667	0.0	0.0	0
519	1	259.501	598.934	311.077	598.977	10pm-1035pm	0.0	0.22	0.0	0.0	0.0	298	11	0.54545456	0.0	0.0	0
520	1	326.251	598.849	360.019	598.886	------S	0.0	0.19	0.0	0.0	0.0	49	7	0.0	0.0	0.0	0
521	1	376.623	598.934	387.743	598.977	:30	0.0	0.19	0.0	0.0	0.0	0	3	0.6666667	0.0	0.0	0
522	1	425.613	598.934	469.2	598.977	$600.00P-6	0.0	0.16	0.0	0.0	0.0	27	10	0.6	0.0	0.0	0
523	1	479.582	598.934	495.15	598.977	0.00	0.0	0.21	0.0	0.0	0.73	0	4	0.75	1.0	0.0	0
524	1	564.363	598.934	593.275	598.977	$600.00	0.0	0.23	0.0	0.0	0.62	0	7	0.71428573	1.0	6.398595	0
525	1	145.5	609.424	165.508	609.467	10pm	0.0	0.24	0.0	0.0	0.0	55	4	0.5	0.0	0.0	0
526	1	167.732	609.424	187.732	609.467	News	0.0	0.27	0.0	0.0	0.0	17	4	0.0	0.0	0.0	0
527	1	54.0	621.434	70.896	621.477	Start	0.0	0.27	0.0	0.0	0.0	26	5	0.0	0.0	0.0	0
528	1	73.12	621.434	90.016	621.477	Date	0.0	0.24	0.0	0.0	0.0	8	4	0.0	0.0	0.0	0
529	1	101.999	621.434	116.231	621.477	End	0.0	0.22	0.0	0.0	0.0	28	3	0.0	0.0	0.0	0
530	1	118.455	621.434	135.351	621.477	Date	0.0	0.22	0.0	0.0	0.0	8	4	0.0	0.0	0.0	0
531	1	150.001	621.434	187.345	621.477	Weekdays	0.0	0.22	0.0	0.0	0.0	42	8	0.0	0.0	0.0	0
532	1	209.999	621.434	253.127	621.477	Spots/Week	0.0	0.23	0.0	0.0	0.0	33	10	0.0	0.0	0.0	0
533	1	277.501	621.434	294.397	621.477	Rate	0.0	0.32	0.0	0.0	0.0	13	4	0.0	0.0	0.0	0
534	1	310.502	621.434	333.622	621.477	Rating	0.0	0.35	0.0	0.0	0.0	64	6	0.0	0.0	0.0	0
535	1	29.999	631.934	52.671	631.977	Week:	0.0	0.35	0.0	0.0	0.0	29	5	0.0	0.0	0.0	0
536	1	54.751	631.934	85.887	631.977	08/06/12	0.0	0.35	0.0	0.0	0.0	0	8	0.75	0.0	0.0	0
537	1	101.999	631.934	133.135	631.977	08/12/12	0.0	0.33	0.0	0.0	0.0	0	8	0.75	0.0	0.0	0
538	1	150.001	631.099	183.769	631.136	------S	0.0	0.24	0.0	0.0	0.0	49	7	0.0	0.0	0.0	0
539	1	265.56	631.934	294.472	631.977	$600.00	0.0	0.14	0.0	0.0	0.62	0	7	0.71428573	1.0	6.398595	0
540	1	319.679	631.934	335.247	631.977	0.00	0.0	0.25	0.0	0.0	0.73	0	4	0.75	1.0	0.0	0
541	1	20.251	643.934	35.97	643.977	N10	0.0	0.28	0.0	0.0	0.0	51	3	0.6666667	0.0	0.0	0
542	1	40.905	643.934	62.689	643.977	KNXV	0.0	0.28	0.0	0.0	0.0	747	4	0.0	0.0	0.0	0
543	1	70.501	643.934	101.637	643.977	08/10/12	0.0	0.28	0.0	0.0	0.0	0	8	0.75	0.0	0.0	0
544	1	106.501	643.934	137.637	643.977	08/10/12	0.0	0.27	0.0	0.0	0.0	0	8	0.75	0.0	0.0	0
545	1	144.751	643.934	158.967	643.977	M-F	0.0	0.23	0.0	0.0	0.0	47	3	0.0	0.0	0.0	0
546	1	161.191	643.934	183.863	643.977	6-7am	0.0	0.19	0.0	0.0	0.0	73	5	0.4	0.0	0.0	0
547	1	259.501	643.934	293.285	643.977	6am-7am	0.0	0.21	0.0	0.0	0.0	358	7	0.2857143	0.0	0.0	0
548	1	326.251	643.849	360.019	643.886	----1--	0.0	0.21	0.0	0.0	0.0	0	7	0.14285715	0.0	0.0	0
549	1	376.623	643.934	387.743	643.977	:30	0.0	0.21	0.0	0.0	0.0	0	3	0.6666667	0.0	0.0	0
550	1	425.613	643.934	469.2	643.977	$150.00P-6	0.0	0.16	0.0	0.0	0.0	27	10	0.6	0.0	0.0	0
551	1	479.582	643.934	495.15	643.977	0.00	0.0	0.21	0.0	0.0	0.73	0	4	0.75	1.0	0.0	0
552	1	564.363	643.934	593.275	643.977	$150.00	0.0	0.19	0.0	0.0	0.62	0	7	0.71428573	1.0	5.0172796	0
553	1	145.5	654.424	159.716	654.467	M-F	0.0	0.18	0.0	0.0	0.0	47	3	0.0	0.0	0.0	0
554	1	161.94	654.424	184.612	654.467	6-7am	0.0	0.19	0.0	0.0	0.0	73	5	0.4	0.0	0.0	0
555	1	54.0	666.434	70.896	666.477	Start	0.0	0.23	0.0	0.0	0.0	26	5	0.0	0.0	0.0	0
556	1	73.12	666.434	90.016	666.477	Date	0.0	0.16	0.0	0.0	0.0	8	4	0.0	0.0	0.0	0
557	1	101.999	666.434	116.231	666.477	End	0.0	0.22	0.0	0.0	0.0	28	3	0.0	0.0	0.0	0
558	1	118.455	666.434	135.351	666.477	Date	0.0	0.22	0.0	0.0	0.0	8	4	0.0	0.0	0.0	0
559	1	150.001	666.434	187.345	666.477	Weekdays	0.0	0.22	0.0	0.0	0.0	42	8	0.0	0.0	0.0	0
560	1	209.999	666.434	253.127	666.477	Spots/Week	0.0	0.23	0.0	0.0	0.0	33	10	0.0	0.0	0.0	0
561	1	277.501	666.434	294.397	666.477	Rate	0.0	0.32	0.0	0.0	0.0	13	4	0.0	0.0	0.0	0
562	1	310.502	666.434	333.622	666.477	Rating	0.0	0.35	0.0	0.0	0.0	64	6	0.0	0.0	0.0	0
563	1	29.999	676.934	52.671	676.977	Week:	0.0	0.35	0.0	0.0	0.0	29	5	0.0	0.0	0.0	0
564	1	54.751	676.934	85.887	676.977	08/06/12	0.0	0.35	0.0	0.0	0.0	0	8	0.75	0.0	0.0	0
565	1	101.999	676.934	133.135	676.977	08/12/12	0.0	0.33	0.0	0.0	0.0	0	8	0.75	0.0	0.0	0
566	1	150.001	676.099	183.769	676.136	----1--	0.0	0.24	0.0	0.0	0.0	0	7	0.14285715	0.0	0.0	0
567	1	265.56	676.934	294.472	676.977	$150.00	0.0	0.14	0.0	0.0	0.62	0	7	0.71428573	1.0	5.0172796	0
568	1	319.679	676.934	335.247	676.977	0.00	0.0	0.25	0.0	0.0	0.73	0	4	0.75	1.0	0.0	0
569	1	20.251	688.934	35.97	688.977	N11	0.0	0.28	0.0	0.0	0.0	51	3	0.6666667	0.0	0.0	0
570	1	40.905	688.934	62.689	688.977	KNXV	0.0	0.28	0.0	0.0	0.0	747	4	0.0	0.0	0.0	0
571	1	70.501	688.934	101.637	688.977	08/10/12	0.0	0.28	0.0	0.0	0.0	0	8	0.75	0.0	0.0	0
572	1	106.501	688.934	137.637	688.977	08/10/12	0.0	0.27	0.0	0.0	0.0	0	8	0.75	0.0	0.0	0
573	1	144.751	688.934	158.967	688.977	M-F	0.0	0.24	0.0	0.0	0.0	47	3	0.0	0.0	0.0	0
574	1	161.191	688.934	203.871	688.977	11am-12pm	0.0	0.24	0.0	0.0	0.0	587	9	0.44444445	0.0	0.0	0
575	1	259.501	688.934	302.181	688.977	11am-12pm	0.0	0.25	0.0	0.0	0.0	587	9	0.44444445	0.0	0.0	0
576	1	326.251	688.849	360.019	688.886	----1--	0.0	0.21	0.0	0.0	0.0	0	7	0.14285715	0.0	0.0	0
577	1	376.623	688.934	387.743	688.977	:30	0.0	0.2	0.0	0.0	0.0	0	3	0.6666667	0.0	0.0	0
578	1	425.613	688.934	469.2	688.977	$150.00P-6	0.0	0.16	0.0	0.0	0.0	27	10	0.6	0.0	0.0	0
579	1	479.582	688.934	495.15	688.977	0.00	0.0	0.21	0.0	0.0	0.73	0	4	0.75	1.0	0.0	0
580	1	564.363	688.934	593.275	688.977	$150.00	0.0	0.28	0.0	0.0	0.62	0	7	0.71428573	1.0	5.0172796	0
581	1	145.5	699.424	170.844	699.467	ABC15	0.0	0.28	0.0	0.0	0.0	307	5	0.4	0.0	0.0	0
582	1	173.068	699.424	193.068	699.467	News	0.0	0.28	0.0	0.0	0.0	17	4	0.0	0.0	0.0	0
583	1	204.188	699.424	225.084	699.467	11AM	0.0	0.28	0.0	0.0	0.0	73	4	0.5	0.0	0.0	0
584	1	54.0	711.434	70.896	711.477	Start	0.0	0.28	0.0	0.0	0.0	26	5	0.0	0.0	0.0	0
585	1	73.12	711.434	90.016	711.477	Date	0.0	0.16	0.0	0.0	0.0	8	4	0.0	0.0	0.0	0
586	1	101.999	711.434	116.231	711.477	End	0.0	0.22	0.0	0.0	0.0	28	3	0.0	0.0	0.0	0
587	1	118.455	711.434	135.351	711.477	Date	0.0	0.22	0.0	0.0	0.0	8	4	0.0	0.0	0.0	0
588	1	150.001	711.434	187.345	711.477	Weekdays	0.0	0.22	0.0	0.0	0.0	42	8	0.0	0.0	0.0	0
589	1	209.999	711.434	253.127	711.477	Spots/Week	0.0	0.23	0.0	0.0	0.0	33	10	0.0	0.0	0.0	0
590	1	277.501	711.434	294.397	711.477	Rate	0.0	0.32	0.0	0.0	0.0	13	4	0.0	0.0	0.0	0
591	1	310.502	711.434	333.622	711.477	Rating	0.0	0.35	0.0	0.0	0.0	64	6	0.0	0.0	0.0	0
592	1	29.999	721.934	52.671	721.977	Week:	0.0	0.35	0.0	0.0	0.0	29	5	0.0	0.0	0.0	0
593	1	54.751	721.934	85.887	721.977	08/06/12	0.0	0.35	0.0	0.0	0.0	0	8	0.75	0.0	0.0	0
594	1	101.999	721.934	133.135	721.977	08/12/12	0.0	0.33	0.0	0.0	0.0	0	8	0.75	0.0	0.0	0
595	1	150.001	721.099	183.769	721.136	----1--	0.0	0.24	0.0	0.0	0.0	0	7	0.14285715	0.0	0.0	0
596	1	265.56	721.934	294.472	721.977	$150.00	0.0	0.17	0.0	0.0	0.62	0	7	0.71428573	1.0	5.0172796	0
597	1	319.679	721.934	335.247	721.977	0.00	0.0	0.21	0.0	0.0	0.73	0	4	0.75	1.0	0.0	0
598	1	20.251	733.934	35.97	733.977	N12	0.0	0.27	0.0	0.0	0.0	51	3	0.6666667	0.0	0.0	0
599	1	40.905	733.934	62.689	733.977	KNXV	0.0	0.27	0.0	0.0	0.0	747	4	0.0	0.0	0.0	0
600	1	70.501	733.934	101.637	733.977	08/11/12	0.0	0.27	0.0	0.0	0.0	0	8	0.75	0.0	0.0	0
601	1	106.501	733.934	137.637	733.977	08/11/12	0.0	0.27	0.0	0.0	0.0	0	8	0.75	0.0	0.0	0
602	1	156.759	733.934	172.319	733.977	6pm	0.0	0.27	0.0	0.0	0.0	55	3	0.33333334	0.0	0.0	0
603	1	174.543	733.934	194.543	733.977	News	0.0	0.27	0.0	0.0	0.0	17	4	0.0	0.0	0.0	0
604	1	259.501	733.934	295.517	733.977	6pm-630p	0.0	0.24	0.0	0.0	0.0	1414	8	0.5	0.0	0.0	0
605	1	326.251	733.849	360.019	733.886	-----1-	0.0	0.24	0.0	0.0	0.0	0	7	0.14285715	0.0	0.0	0
606	1	376.623	733.934	387.743	733.977	:30	0.0	0.16	0.0	0.0	0.0	0	3	0.6666667	0.0	0.0	0
607	1	425.613	733.934	469.2	733.977	$100.00P-6	0.0	0.16	0.0	0.0	0.0	27	10	0.6	0.0	0.0	0
608	1	479.582	733.934	495.15	733.977	0.00	0.0	0.21	0.0	0.0	0.73	0	4	0.75	1.0	0.0	0
609	1	564.363	733.934	593.275	733.977	$100.00	0.0	0.19	0.0	0.0	0.62	0	7	0.71428573	1.0	4.6151204	0
610	1	158.396	744.424	194.412	744.467	6pm-630p	0.0	0.22	0.0	0.0	0.0	1414	8	0.5	0.0	0.0	0
611	1	54.0	756.434	70.896	756.477	Start	0.0	0.23	0.0	0.0	0.0	26	5	0.0	0.0	0.0	0
612	1	73.12	756.434	90.016	756.477	Date	0.0	0.16	0.0	0.0	0.0	8	4	0.0	0.0	0.0	0
613	1	101.999	756.434	116.231	756.477	End	0.0	0.22	0.0	0.0	0.0	28	3	0.0	0.0	0.0	0
614	1	118.455	756.434	135.351	756.477	Date	0.0	0.22	0.0	0.0	0.0	8	4	0.0	0.0	0.0	0
615	1	150.001	756.434	187.345	756.477	Weekdays	0.0	0.22	0.0	0.0	0.0	42	8	0.0	0.0	0.0	0
616	1	209.999	756.434	253.127	756.477	Spots/Week	0.0	0.23	0.0	0.0	0.0	33	10	0.0	0.0	0.0	0
617	1	277.501	756.434	294.397	756.477	Rate	0.0	0.32	0.0	0.0	0.0	13	4	0.0	0.0	0.0	0
618	1	310.502	756.434	333.622	756.477	Rating	0.0	0.35	0.0	0.0	0.0	64	6	0.0	0.0	0.0	0
619	1	29.999	766.934	52.671	766.977	Week:	0.0	0.35	0.0	0.0	0.0	29	5	0.0	0.0	0.0	0
620	1	54.751	766.934	85.887	766.977	08/06/12	0.0	0.35	0.0	0.0	0.0	0	8	0.75	0.0	0.0	0
621	1	101.999	766.934	133.135	766.977	08/12/12	0.0	0.33	0.0	0.0	0.0	0	8	0.75	0.0	0.0	0
622	1	150.001	766.099	183.769	766.136	-----1-	0.0	0.24	0.0	0.0	0.0	0	7	0.14285715	0.0	0.0	0
623	1	265.56	766.934	294.472	766.977	$100.00	0.0	0.24	0.0	0.0	0.62	0	7	0.71428573	1.0	4.6151204	0
624	1	319.679	766.934	335.247	766.977	0.00	0.0	0.28	0.0	0.0	0.73	0	4	0.75	1.0	0.0	0
625	2	434.251	27.424	450.699	27.467	Print	0.0	0.31	0.0	0.0	0.0	37	5	0.0	0.0	0.0	0
626	2	452.923	27.424	505.137	27.467	Date:08/08/12	0.0	0.31	0.0	0.0	0.0	8	13	0.46153846	0.0	0.0	0
627	2	533.251	27.424	551.931	27.467	Page	0.0	0.28	0.0	0.0	0.0	7	4	0.0	0.0	0.0	0
628	2	123.749	34.696	151.529	34.766	KNXV	0.0	0.33	0.0	0.0	0.0	747	4	0.0	0.0	0.0	0
629	2	18.0	115.347	55.79	115.401	Contract	0.0	0.36	0.0	0.0	0.0	53	8	0.0	0.0	0.0	0
630	2	64.13	115.347	102.47	115.401	Revision	0.0	0.36	0.0	0.0	0.0	75	8	0.0	0.0	0.0	0
631	2	130.408	115.696	163.768	115.766	307100	0.0	0.36	0.0	0.0	0.62	0	6	1.0	1.0	12.634932	0
632	2	186.001	115.347	210.451	115.401	Flight	0.0	0.32	0.0	0.0	0.0	61	6	0.0	0.0	0.0	0
633	2	213.231	115.347	321.171	115.766	Dates08/07/12-08/12/12	0.0	0.32	0.0	0.0	0.0	18	22	0.54545456	0.0	0.0	0
634	2	372.002	115.347	400.342	115.401	Hiatus	0.0	0.25	0.0	0.0	0.0	245	6	0.0	0.0	0.0	0
635	2	403.122	115.347	429.242	115.401	Dates	0.0	0.25	0.0	0.0	0.0	18	5	0.0	0.0	0.0	0
636	2	18.0	133.347	52.45	133.401	Original	0.0	0.24	0.0	0.0	0.0	39	8	0.0	0.0	0.0	0
637	2	55.23	133.347	76.35	133.401	Date	0.0	0.33	0.0	0.0	0.0	8	4	0.0	0.0	0.0	0
638	2	84.69	133.347	123.03	133.401	Revision	0.0	0.37	0.0	0.0	0.0	75	8	0.0	0.0	0.0	0
639	2	131.64	133.347	174.531	133.401	08/06/12/	0.0	0.37	0.0	0.0	0.0	0	9	0.6666667	0.0	0.0	0
640	2	183.389	133.347	222.309	133.401	08/08/12	0.0	0.3	0.0	0.0	0.0	0	8	0.75	0.0	0.0	0
641	2	372.002	133.347	397.562	133.401	Order	0.0	0.32	0.0	0.0	0.0	9	5	0.0	0.0	0.0	0
642	2	400.342	133.347	418.132	133.401	Sep	0.0	0.32	0.0	0.0	0.0	241	3	0.0	0.0	0.0	0
643	2	432.0	133.347	470.92	133.401	00:20:00	0.0	0.32	0.0	0.0	0.0	0	8	0.75	0.0	0.0	0
644	2	18.0	157.347	63.01	157.401	Advertiser	0.0	0.35	0.0	0.0	0.0	6	10	0.0	0.0	0.0	0
645	2	72.0	157.696	107.57	157.766	Sinema	0.0	0.44	0.0	0.0	0.0	3188	6	0.0	0.0	0.0	0
646	2	115.91	157.696	162.03	157.766	Democrat	0.0	0.44	0.0	0.0	0.0	700	8	0.0	0.0	0.0	0
647	2	170.37	157.347	275.571	157.766	CongrePsrsoductSinema	0.0	0.74	0.0	0.0	0.0	4650	21	0.0	0.0	0.0	0
648	2	278.351	157.696	291.681	157.766	for	0.0	0.83	0.0	0.0	0.0	50	3	0.0	0.0	0.0	0
649	2	294.461	157.696	340.581	157.766	Congress	0.0	0.83	0.0	0.0	0.0	290	8	0.0	0.0	0.0	0
650	2	343.361	157.696	365.601	157.766	2012	0.0	0.83	0.0	0.0	0.71	0	4	1.0	1.0	7.6073813	0
651	2	372.002	157.347	410.902	157.401	Estimate	0.0	0.68	0.0	0.0	0.0	23	8	0.0	0.0	0.0	0
652	2	432.0	157.696	459.8	157.766	11565	0.0	0.34	0.0	0.0	0.4	0	5	1.0	1.0	9.355825	0
653	2	534.002	180.511	558.509	180.559	Totals	0.0	0.29	0.0	0.0	0.0	30	6	0.0	0.0	0.0	0
654	2	73.5	191.011	92.508	191.059	Start	0.0	0.43	0.0	0.0	0.0	26	5	0.0	0.0	0.0	0
655	2	108.751	191.011	124.762	191.059	End	0.0	0.43	0.0	0.0	0.0	28	3	0.0	0.0	0.0	0
656	2	144.0	191.011	181.017	191.059	Inventory	0.0	0.47	0.0	0.0	0.0	85	9	0.0	0.0	0.0	0
657	2	183.519	191.011	205.029	191.059	Code	0.0	0.47	0.0	0.0	0.0	19	4	0.0	0.0	0.0	0
658	2	230.25	191.011	253.758	191.059	Break	0.0	0.46	0.0	0.0	0.0	68	5	0.0	0.0	0.0	0
659	2	258.001	191.011	295.522	191.059	Start/End	0.0	0.42	0.0	0.0	0.0	35	9	0.0	0.0	0.0	0
660	2	298.024	191.011	318.022	191.059	Time	0.0	0.26	0.0	0.0	0.0	22	4	0.0	0.0	0.0	0
661	2	326.251	191.011	346.753	191.059	Days	0.0	0.26	0.0	0.0	0.0	38	4	0.0	0.0	0.0	0
662	2	369.0	191.011	384.012	191.059	Len	0.0	0.24	0.0	0.0	0.0	78	3	0.0	0.0	0.0	0
663	2	389.251	191.011	412.264	191.059	Spots	0.0	0.24	0.0	0.0	0.0	4	5	0.0	0.0	0.0	0
664	2	431.252	191.011	450.26	191.059	Rate	0.0	0.3	0.0	0.0	0.0	13	4	0.0	0.0	0.0	0
665	2	456.752	191.011	467.75	191.059	Pri	0.0	0.33	0.0	0.0	0.0	88	3	0.0	0.0	0.0	0
666	2	475.501	191.011	511.767	191.059	RtgType	0.0	0.33	0.0	0.0	0.0	93	7	0.0	0.0	0.0	0
667	2	516.002	191.011	539.015	191.059	Spots	0.0	0.33	0.0	0.0	0.0	4	5	0.0	0.0	0.0	0
668	2	558.751	191.011	589.765	191.059	Amount	0.0	0.29	0.0	0.0	0.0	25	6	0.0	0.0	0.0	0
669	2	20.251	204.424	35.97	204.467	N13	0.0	0.29	0.0	0.0	0.0	51	3	0.6666667	0.0	0.0	0
670	2	40.905	204.424	62.689	204.467	KNXV	0.0	0.28	0.0	0.0	0.0	747	4	0.0	0.0	0.0	0
671	2	70.501	204.424	101.637	204.467	08/12/12	0.0	0.28	0.0	0.0	0.0	0	8	0.75	0.0	0.0	0
672	2	106.501	204.424	137.637	204.467	08/12/12	0.0	0.27	0.0	0.0	0.0	0	8	0.75	0.0	0.0	0
673	2	156.759	204.424	172.319	204.467	5pm	0.0	0.27	0.0	0.0	0.0	55	3	0.33333334	0.0	0.0	0
674	2	174.543	204.424	194.543	204.467	News	0.0	0.27	0.0	0.0	0.0	17	4	0.0	0.0	0.0	0
675	2	259.501	204.424	302.181	204.467	5pm-530pm	0.0	0.23	0.0	0.0	0.0	298	9	0.44444445	0.0	0.0	0
676	2	326.251	204.339	360.019	204.376	------1	0.0	0.23	0.0	0.0	0.0	0	7	0.14285715	0.0	0.0	0
677	2	376.623	204.424	387.743	204.467	:30	0.0	0.16	0.0	0.0	0.0	0	3	0.6666667	0.0	0.0	0
678	2	425.613	204.424	469.2	204.467	$170.00P-6	0.0	0.16	0.0	0.0	0.0	27	10	0.6	0.0	0.0	0
679	2	479.582	204.424	495.15	204.467	0.00	0.0	0.21	0.0	0.0	0.73	0	4	0.75	1.0	0.0	0
680	2	564.363	204.424	593.275	204.467	$170.00	0.0	0.19	0.0	0.0	0.77	0	7	0.71428573	1.0	5.1416636	0
681	2	158.836	214.924	201.516	214.967	5pm-530pm	0.0	0.24	0.0	0.0	0.0	298	9	0.44444445	0.0	0.0	0
682	2	203.74	214.924	223.74	214.967	News	0.0	0.27	0.0	0.0	0.0	17	4	0.0	0.0	0.0	0
683	2	54.0	226.924	70.896	226.967	Start	0.0	0.27	0.0	0.0	0.0	26	5	0.0	0.0	0.0	0
684	2	73.12	226.924	90.016	226.967	Date	0.0	0.24	0.0	0.0	0.0	8	4	0.0	0.0	0.0	0
685	2	101.999	226.924	116.231	226.967	End	0.0	0.22	0.0	0.0	0.0	28	3	0.0	0.0	0.0	0
686	2	118.455	226.924	135.351	226.967	Date	0.0	0.22	0.0	0.0	0.0	8	4	0.0	0.0	0.0	0
687	2	150.001	226.924	187.345	226.967	Weekdays	0.0	0.22	0.0	0.0	0.0	42	8	0.0	0.0	0.0	0
688	2	209.999	226.924	253.127	226.967	Spots/Week	0.0	0.23	0.0	0.0	0.0	33	10	0.0	0.0	0.0	0
689	2	277.501	226.924	294.397	226.967	Rate	0.0	0.32	0.0	0.0	0.0	13	4	0.0	0.0	0.0	0
690	2	310.502	226.924	333.622	226.967	Rating	0.0	0.35	0.0	0.0	0.0	64	6	0.0	0.0	0.0	0
691	2	29.999	237.424	52.671	237.467	Week:	0.0	0.35	0.0	0.0	0.0	29	5	0.0	0.0	0.0	0
692	2	54.751	237.424	85.887	237.467	08/06/12	0.0	0.35	0.0	0.0	0.0	0	8	0.75	0.0	0.0	0
693	2	101.999	237.424	133.135	237.467	08/12/12	0.0	0.33	0.0	0.0	0.0	0	8	0.75	0.0	0.0	0
694	2	150.001	236.589	183.769	236.626	------1	0.0	0.24	0.0	0.0	0.0	0	7	0.14285715	0.0	0.0	0
695	2	265.56	237.424	294.472	237.467	$170.00	0.0	0.14	0.0	0.0	0.77	0	7	0.71428573	1.0	5.1416636	0
696	2	319.679	237.424	335.247	237.467	0.00	0.0	0.25	0.0	0.0	0.73	0	4	0.75	1.0	0.0	0
697	2	20.251	249.424	35.97	249.467	N14	0.0	0.28	0.0	0.0	0.0	51	3	0.6666667	0.0	0.0	0
698	2	40.905	249.424	62.689	249.467	KNXV	0.0	0.28	0.0	0.0	0.0	747	4	0.0	0.0	0.0	0
699	2	70.501	249.424	101.637	249.467	08/09/12	0.0	0.28	0.0	0.0	0.0	0	8	0.75	0.0	0.0	0
700	2	106.501	249.424	137.637	249.467	08/09/12	0.0	0.27	0.0	0.0	0.0	0	8	0.75	0.0	0.0	0
701	2	144.751	249.424	158.967	249.467	M-F	0.0	0.24	0.0	0.0	0.0	47	3	0.0	0.0	0.0	0
702	2	161.191	249.424	201.655	249.467	10-1035pm	0.0	0.24	0.0	0.0	0.0	55	9	0.6666667	0.0	0.0	0
703	2	259.501	249.424	311.077	249.467	10pm-1035pm	0.0	0.22	0.0	0.0	0.0	298	11	0.54545456	0.0	0.0	0
704	2	326.251	249.339	360.019	249.376	---1---	0.0	0.16	0.0	0.0	0.0	0	7	0.14285715	0.0	0.0	0
705	2	376.623	249.424	387.743	249.467	:30	0.0	0.16	0.0	0.0	0.0	0	3	0.6666667	0.0	0.0	0
706	2	425.613	249.424	469.2	249.467	$600.00P-6	0.0	0.16	0.0	0.0	0.0	27	10	0.6	0.0	0.0	0
707	2	479.582	249.424	495.15	249.467	0.00	0.0	0.21	0.0	0.0	0.73	0	4	0.75	1.0	0.0	0
708	2	564.363	249.424	593.275	249.467	$600.00	0.0	0.23	0.0	0.0	0.62	0	7	0.71428573	1.0	6.398595	0
709	2	145.5	259.924	165.508	259.967	10pm	0.0	0.24	0.0	0.0	0.0	55	4	0.5	0.0	0.0	0
710	2	167.732	259.924	187.732	259.967	News	0.0	0.27	0.0	0.0	0.0	17	4	0.0	0.0	0.0	0
711	2	54.0	271.924	70.896	271.967	Start	0.0	0.27	0.0	0.0	0.0	26	5	0.0	0.0	0.0	0
712	2	73.12	271.924	90.016	271.967	Date	0.0	0.24	0.0	0.0	0.0	8	4	0.0	0.0	0.0	0
713	2	101.999	271.924	116.231	271.967	End	0.0	0.22	0.0	0.0	0.0	28	3	0.0	0.0	0.0	0
714	2	118.455	271.924	135.351	271.967	Date	0.0	0.22	0.0	0.0	0.0	8	4	0.0	0.0	0.0	0
715	2	150.001	271.924	187.345	271.967	Weekdays	0.0	0.22	0.0	0.0	0.0	42	8	0.0	0.0	0.0	0
716	2	209.999	271.924	253.127	271.967	Spots/Week	0.0	0.23	0.0	0.0	0.0	33	10	0.0	0.0	0.0	0
717	2	277.501	271.924	294.397	271.967	Rate	0.0	0.32	0.0	0.0	0.0	13	4	0.0	0.0	0.0	0
718	2	310.502	271.924	333.622	271.967	Rating	0.0	0.35	0.0	0.0	0.0	64	6	0.0	0.0	0.0	0
719	2	29.999	282.424	52.671	282.467	Week:	0.0	0.35	0.0	0.0	0.0	29	5	0.0	0.0	0.0	0
720	2	54.751	282.424	85.887	282.467	08/06/12	0.0	0.35	0.0	0.0	0.0	0	8	0.75	0.0	0.0	0
721	2	101.999	282.424	133.135	282.467	08/12/12	0.0	0.33	0.0	0.0	0.0	0	8	0.75	0.0	0.0	0
722	2	150.001	281.589	183.769	281.626	---1---	0.0	0.24	0.0	0.0	0.0	0	7	0.14285715	0.0	0.0	0
723	2	265.56	282.424	294.472	282.467	$600.00	0.0	0.14	0.0	0.0	0.62	0	7	0.71428573	1.0	6.398595	0
724	2	319.679	282.424	335.247	282.467	0.00	0.0	0.13	0.0	0.0	0.73	0	4	0.75	1.0	0.0	0
725	2	18.0	298.407	38.56	298.461	*Tax	0.0	0.18	0.0	0.0	0.0	319	4	0.0	0.0	0.0	0
726	2	49.68	298.407	73.58	298.461	Note:	0.0	0.24	0.0	0.0	0.0	371	5	0.0	0.0	0.0	0
727	2	76.36	298.407	93.03	298.461	Tax	0.0	0.24	0.0	0.0	0.0	319	3	0.0	0.0	0.0	0
728	2	95.81	298.407	121.38	298.461	0.5%.	0.0	0.24	0.0	0.0	0.0	0	5	0.4	0.0	0.0	0
729	2	473.25	298.347	500.48	298.401	Totals	0.0	0.22	0.0	0.0	0.0	30	6	0.0	0.0	0.0	0
730	2	549.12	298.347	593.6	298.401	$8,270.00	0.0	0.13	0.0	0.0	1.0	0	9	0.6666667	1.0	9.020511	gross_amount
