	page	x0	y0	x1	y1	token	contract_num	advertiser	flight_from	flight_to	gross_amount	tok_id	length	digitness	is_dollar	log_amount	label
0	0	223.68	20.11	266.592	29.771	Contract	0.0	0.15	0.0	0.0	0.0	53	8	0.0	0.0	0.0	0
1	0	289.68	20.365	339.224	31.074	1389462	0.0	0.22	0.0	0.0	0.63	0	7	1.0	1.0	14.144428	0
2	0	447.96	22.274	460.776	27.512	Date	0.0	0.28	0.0	0.0	0.0	8	4	0.0	0.0	0.0	0
3	0	462.364	22.274	483.772	27.512	Entered	0.0	0.28	0.0	0.0	0.0	598	7	0.0	0.0	0.0	0
4	0	503.76	22.607	532.046	29.393	10/05/12	0.0	0.29	0.0	0.0	0.0	0	8	0.75	0.0	0.0	0
5	0	608.283	21.442	639.915	28.193	Asheville	0.0	0.35	0.0	0.0	0.0	2054	9	0.0	0.0	0.0	0
6	0	641.895	21.442	669.178	28.193	(WLOS)	0.0	0.35	0.0	0.0	0.0	1973	6	0.0	0.0	0.0	0
7	0	223.68	33.194	248.489	38.432	Schedule	0.0	0.35	0.0	0.0	0.0	387	8	0.0	0.0	0.0	0
8	0	250.077	33.194	265.707	38.432	Dates	0.0	0.35	0.0	0.0	0.0	18	5	0.0	0.0	0.0	0
9	0	289.68	33.527	348.804	40.313	10/09/12-10/15/12	0.0	0.19	0.0	0.0	0.0	0	17	0.7058824	0.0	0.0	0
10	0	447.96	33.794	459.333	39.032	Last	0.0	0.27	0.0	0.0	0.0	330	4	0.0	0.0	0.0	0
11	0	460.925	33.794	484.486	39.032	Modified	0.0	0.31	0.0	0.0	0.0	645	8	0.0	0.0	0.0	0
12	0	503.76	34.127	532.046	40.913	10/05/12	0.0	0.31	0.0	0.0	0.0	0	8	0.75	0.0	0.0	0
13	0	618.0	31.007	648.163	37.793	Broadcast	0.0	0.37	0.0	0.0	0.0	41	9	0.0	0.0	0.0	0
14	0	650.274	31.007	669.528	37.793	Month	0.0	0.38	0.0	0.0	0.0	52	5	0.0	0.0	0.0	0
15	0	678.6	30.9	696.519	37.07	Spots	0.0	0.38	0.0	0.0	0.0	4	5	0.0	0.0	0.0	0
16	0	747.12	30.9	761.949	37.07	Rate	0.0	0.38	0.0	0.0	0.0	13	4	0.0	0.0	0.0	0
17	0	608.28	40.967	620.83	47.753	Oct.	0.0	0.33	0.0	0.0	0.0	464	4	0.0	0.0	0.0	0
18	0	625.206	40.967	640.535	47.753	2012	0.0	0.23	0.0	0.0	0.62	0	4	1.0	1.0	7.6073813	0
19	0	720.361	40.967	759.218	47.753	$142,700.00	0.0	0.19	0.0	0.0	1.0	0	11	0.72727275	1.0	11.868506	gross_amount
20	0	115.44	46.967	137.171	55.409	WLOS	0.0	0.33	0.0	0.0	0.0	1973	4	0.0	0.0	0.0	0
21	0	139.204	46.967	168.865	55.409	Asheville	0.0	0.65	0.0	0.0	0.0	2054	9	0.0	0.0	0.0	0
22	0	223.682	44.375	254.862	50.195	Advertiser	0.0	0.78	0.0	0.0	0.0	6	10	0.0	0.0	0.0	0
23	0	289.683	44.808	318.291	51.594	American	0.0	1.0	0.0	0.0	0.0	258	8	0.0	0.0	0.0	advertiser
24	0	320.406	44.808	354.113	51.594	Crossroads	0.0	1.0	0.0	0.0	0.0	607	10	0.0	0.0	0.0	advertiser
25	0	356.284	44.808	380.8	51.594	(41509)	0.0	0.84	0.0	0.0	0.0	0	7	0.71428573	0.0	0.0	0
26	0	447.96	45.434	469.368	50.672	Entered	0.0	0.72	0.0	0.0	0.0	598	7	0.0	0.0	0.0	0
27	0	503.76	44.087	523.275	50.873	Louise	0.0	0.37	0.0	0.0	0.0	2342	6	0.0	0.0	0.0	0
28	0	525.488	44.087	546.599	50.873	Palmer	0.0	0.43	0.0	0.0	0.0	2399	6	0.0	0.0	0.0	0
29	0	115.44	57.527	127.711	65.969	110	0.0	0.43	0.0	0.0	0.67	0	3	1.0	1.0	4.7095304	0
30	0	129.718	57.527	167.85	65.969	Technology	0.0	0.57	0.0	0.0	0.0	1861	10	0.0	0.0	0.0	0
31	0	223.682	56.615	245.503	62.435	Agency	0.0	0.76	0.0	0.0	0.0	2	6	0.0	0.0	0.0	0
32	0	289.68	57.528	323.387	64.314	Crossroads	0.0	0.76	0.0	0.0	0.0	607	10	0.0	0.0	0.0	0
33	0	325.558	57.528	378.193	64.314	Media-Alexandria	0.0	0.52	0.0	0.0	0.0	6096	16	0.0	0.0	0.0	0
34	0	380.296	57.528	400.971	64.314	(2097)	0.0	0.46	0.0	0.0	0.0	0	6	0.6666667	0.0	0.0	0
35	0	447.96	56.954	465.79	62.192	CO-OP	0.0	0.36	0.0	0.0	0.0	675	5	0.0	0.0	0.0	0
36	0	608.28	52.709	625.241	58.91	Grand	0.0	0.35	0.0	0.0	0.0	503	5	0.0	0.0	0.0	0
37	0	627.246	52.709	643.659	58.91	Total:	0.0	0.34	0.0	0.0	0.0	106	6	0.0	0.0	0.0	0
38	0	720.36	54.287	759.216	61.073	$142,700.00	0.0	0.24	0.0	0.0	1.0	0	11	0.72727275	1.0	11.868506	gross_amount
39	0	115.444	68.207	147.129	76.649	Asheville,	0.0	0.38	0.0	0.0	0.0	2054	10	0.0	0.0	0.0	0
40	0	163.796	68.207	184.226	76.649	28803	0.0	0.38	0.0	0.0	0.59	0	5	1.0	1.0	10.26827	0
41	0	223.68	69.194	245.006	74.432	Product	0.0	0.38	0.0	0.0	0.0	5	7	0.0	0.0	0.0	0
42	0	289.68	69.527	323.162	76.313	POLITICAL	0.0	0.28	0.0	0.0	0.0	160	9	0.0	0.0	0.0	0
43	0	325.336	69.527	362.61	76.313	CANDIDATE	0.0	0.3	0.0	0.0	0.0	292	9	0.0	0.0	0.0	0
44	0	364.821	69.527	385.35	76.313	SUPER	0.0	0.33	0.0	0.0	0.0	3441	5	0.0	0.0	0.0	0
45	0	387.506	69.527	399.737	76.313	PAC	0.0	0.33	0.0	0.0	0.0	617	3	0.0	0.0	0.0	0
46	0	401.913	69.527	414.186	76.313	(ns)	0.0	0.33	0.0	0.0	0.0	904	4	0.0	0.0	0.0	0
47	0	416.32	69.527	436.995	76.313	(1386)	0.0	0.28	0.0	0.0	0.0	0	6	0.6666667	0.0	0.0	0
48	0	447.96	68.474	471.935	73.712	Headline	0.0	0.28	0.0	0.0	0.0	949	8	0.0	0.0	0.0	0
49	0	503.76	67.127	546.937	73.913	ECR09836778	0.0	0.69	0.0	0.0	0.0	957	11	0.72727275	0.0	0.0	0
50	0	223.68	81.194	239.926	86.432	Brand	0.0	0.88	0.0	0.0	0.0	366	5	0.0	0.0	0.0	0
51	0	289.683	81.527	323.264	88.313	AMERICAN	0.0	1.0	0.0	0.0	0.0	258	8	0.0	0.0	0.0	advertiser
52	0	325.454	81.527	368.592	88.313	CROSSROADS	0.0	1.0	0.0	0.0	0.0	607	10	0.0	0.0	0.0	advertiser
53	0	370.711	81.527	399.067	88.313	(325849)	0.0	0.82	0.0	0.0	0.0	0	8	0.75	0.0	0.0	0
54	0	447.959	79.994	463.779	85.232	Demo	0.0	0.75	0.0	0.0	0.0	416	4	0.0	0.0	0.0	0
55	0	223.68	93.194	256.669	98.432	Salesperson	0.0	0.39	0.0	0.0	0.0	337	11	0.0	0.0	0.0	0
56	0	289.68	93.527	339.213	100.313	Millennium/PHL,	0.0	0.25	0.0	0.0	0.0	2319	15	0.0	0.0	0.0	0
57	0	341.426	93.527	377.865	100.313	Philadelphia	0.0	0.25	0.0	0.0	0.0	217	12	0.0	0.0	0.0	0
58	0	379.969	93.527	400.643	100.313	(1103)	0.0	0.23	0.0	0.0	0.0	0	6	0.6666667	0.0	0.0	0
59	0	447.959	91.634	463.508	96.872	Order	0.0	0.2	0.0	0.0	0.0	9	5	0.0	0.0	0.0	0
60	0	465.123	91.634	478.174	96.872	Type	0.0	0.2	0.0	0.0	0.0	45	4	0.0	0.0	0.0	0
61	0	505.56	91.727	527.673	98.513	Normal	0.0	0.25	0.0	0.0	0.0	461	6	0.0	0.0	0.0	0
62	0	447.96	102.194	470.734	107.432	Package	0.0	0.29	0.0	0.0	0.0	390	7	0.0	0.0	0.0	0
63	0	472.323	102.194	484.518	107.432	Deal	0.0	0.29	0.0	0.0	0.0	284	4	0.0	0.0	0.0	0
64	0	223.68	106.034	238.109	111.272	Sales	0.0	0.29	0.0	0.0	0.0	10	5	0.0	0.0	0.0	0
65	0	239.645	106.034	255.694	111.272	Office	0.0	0.46	0.0	0.0	0.0	12	6	0.0	0.0	0.0	0
66	0	289.68	105.768	322.44	112.554	Millennium	0.0	0.56	0.0	0.0	0.0	442	10	0.0	0.0	0.0	0
67	0	324.627	105.768	361.067	112.554	Philadelphia	0.0	0.7	0.0	0.0	0.0	217	12	0.0	0.0	0.0	0
68	0	28.199	115.008	65.734	123.45	Crossroads	0.0	0.71	0.0	0.0	0.0	607	10	0.0	0.0	0.0	0
69	0	67.796	115.008	125.06	123.45	Media-Alexandria	0.0	0.5	0.0	0.0	0.0	6096	16	0.0	0.0	0.0	0
70	0	223.68	118.394	239.59	123.632	Buyer	0.0	0.46	0.0	0.0	0.0	326	5	0.0	0.0	0.0	0
71	0	241.204	118.394	257.025	123.632	Name	0.0	0.47	0.0	0.0	0.0	110	4	0.0	0.0	0.0	0
72	0	289.68	117.528	341.239	124.314	Maron,Stephanie	0.0	0.47	0.0	0.0	0.0	8887	15	0.0	0.0	0.0	0
73	0	447.96	113.834	480.948	119.072	Commission	0.0	0.47	0.0	0.0	0.0	83	10	0.0	0.0	0.0	0
74	0	504.36	114.168	521.851	120.954	15.00	0.0	0.37	0.0	0.0	0.57	0	5	0.8	1.0	2.7725887	0
75	0	38.398	125.688	57.56	134.13	Canal	0.0	0.35	0.0	0.0	0.0	622	5	0.0	0.0	0.0	0
76	0	59.637	125.688	81.659	134.13	Center	0.0	0.35	0.0	0.0	0.0	403	6	0.0	0.0	0.0	0
77	0	83.638	125.688	102.147	134.13	Plaza	0.0	0.35	0.0	0.0	0.0	616	5	0.0	0.0	0.0	0
78	0	223.68	129.194	253.589	134.432	Phone/Fax	0.0	0.33	0.0	0.0	0.0	680	9	0.0	0.0	0.0	0
79	0	447.96	127.034	480.948	132.272	Commission	0.0	0.36	0.0	0.0	0.0	83	10	0.0	0.0	0.0	0
80	0	504.36	127.368	539.376	134.154	$21,405.00	0.0	0.29	0.0	0.0	0.71	0	10	0.7	1.0	9.971427	0
81	0	28.199	136.368	39.272	144.81	Ste	0.0	0.29	0.0	0.0	0.0	344	3	0.0	0.0	0.0	0
82	0	41.28	136.368	53.55	144.81	555	0.0	0.27	0.0	0.0	0.4	0	3	1.0	1.0	6.3207684	0
83	0	223.68	141.194	234.203	146.432	CPE	0.0	0.15	0.0	0.0	0.0	411	3	0.0	0.0	0.0	0
84	0	289.68	141.888	325.648	148.674	11/27/1088	0.0	0.12	0.0	0.0	0.0	0	10	0.8	0.0	0.0	0
85	0	447.96	140.234	457.654	145.472	Net	0.0	0.21	0.0	0.0	0.0	14	3	0.0	0.0	0.0	0
86	0	459.247	140.234	473.122	145.472	Total	0.0	0.26	0.0	0.0	0.0	106	5	0.0	0.0	0.0	0
87	0	504.36	140.568	543.216	147.354	$121,295.00	0.0	0.29	0.0	0.0	0.56	0	11	0.72727275	1.0	11.705989	0
88	0	28.204	147.048	65.051	155.49	Alexandria,	0.0	0.39	0.0	0.0	0.0	220	11	0.0	0.0	0.0	0
89	0	80.996	147.048	101.426	155.49	22314	0.0	0.33	0.0	0.0	0.59	0	5	1.0	1.0	10.013015	0
90	0	223.682	153.194	245.726	158.432	Account	0.0	0.28	0.0	0.0	0.0	15	7	0.0	0.0	0.0	0
91	0	247.318	153.194	263.183	158.432	Types	0.0	0.26	0.0	0.0	0.0	596	5	0.0	0.0	0.0	0
92	0	289.68	153.528	340.362	160.314	National/Political	0.0	0.32	0.0	0.0	0.0	724	18	0.0	0.0	0.0	0
93	0	342.492	153.528	358.878	160.314	Issue	0.0	0.38	0.0	0.0	0.0	343	5	0.0	0.0	0.0	0
94	0	361.094	153.528	383.405	160.314	Agency	0.0	0.44	0.0	0.0	0.0	2	6	0.0	0.0	0.0	0
95	0	385.576	153.528	398.704	160.314	BRD	0.0	0.44	0.0	0.0	0.0	958	3	0.0	0.0	0.0	0
96	0	447.959	151.754	462.388	156.992	Sales	0.0	0.44	0.0	0.0	0.0	10	5	0.0	0.0	0.0	0
97	0	463.924	151.754	473.795	156.992	Tax	0.0	0.4	0.0	0.0	0.0	319	3	0.0	0.0	0.0	0
98	0	223.68	165.194	241.007	170.432	Billing	0.0	0.3	0.0	0.0	0.0	11	7	0.0	0.0	0.0	0
99	0	242.522	165.194	255.574	170.432	Type	0.0	0.35	0.0	0.0	0.0	45	4	0.0	0.0	0.0	0
100	0	289.68	165.528	317.055	172.314	Standard	0.0	0.69	0.0	0.0	0.0	414	8	0.0	0.0	0.0	0
101	0	223.68	176.954	252.75	182.192	Comments	0.0	0.82	0.0	0.0	0.0	361	8	0.0	0.0	0.0	0
102	0	289.682	177.066	314.153	182.916	American	0.0	1.0	0.0	0.0	0.0	258	8	0.0	0.0	0.0	advertiser
103	0	316.084	177.066	344.922	182.916	Crossroads	0.0	1.0	0.0	0.0	0.0	607	10	0.0	0.0	0.0	advertiser
104	0	289.682	184.266	318.54	190.116	AMERICAN	0.0	1.0	0.0	0.0	0.0	258	8	0.0	0.0	0.0	advertiser
105	0	320.411	184.266	357.612	190.116	CROSSROADS	0.0	1.0	0.0	0.0	0.0	607	10	0.0	0.0	0.0	advertiser
106	0	25.08	295.025	35.929	300.875	Line	0.0	0.9	0.0	0.0	0.0	89	4	0.0	0.0	0.0	0
107	0	54.6	295.025	65.449	300.875	Line	0.0	0.82	0.0	0.0	0.0	89	4	0.0	0.0	0.0	0
108	0	67.331	295.025	80.332	300.875	Type	0.0	0.5	0.0	0.0	0.0	45	4	0.0	0.0	0.0	0
109	0	86.411	295.025	101.279	300.875	Break	0.0	0.19	0.0	0.0	0.0	68	5	0.0	0.0	0.0	0
110	0	103.211	295.025	116.212	300.875	Type	0.0	0.19	0.0	0.0	0.0	45	4	0.0	0.0	0.0	0
111	0	118.21	295.025	129.243	300.875	(Ref	0.0	0.25	0.0	0.0	0.0	63	4	0.0	0.0	0.0	0
112	0	176.16	295.145	191.195	300.995	Dates	0.0	0.31	0.0	0.0	0.0	18	5	0.0	0.0	0.0	0
113	0	220.44	295.145	229.688	300.995	Sec	0.0	0.31	0.0	0.0	0.0	603	3	0.0	0.0	0.0	0
114	0	236.64	295.145	254.875	300.995	Length	0.0	0.29	0.0	0.0	0.0	56	6	0.0	0.0	0.0	0
115	0	284.4	294.905	294.838	300.755	Run	0.0	0.32	0.0	0.0	0.0	325	3	0.0	0.0	0.0	0
116	0	296.772	294.905	312.412	300.755	Times	0.0	0.36	0.0	0.0	0.0	538	5	0.0	0.0	0.0	0
117	0	339.36	295.025	351.499	300.875	SPW	0.0	0.36	0.0	0.0	0.0	468	3	0.0	0.0	0.0	0
118	0	453.722	295.385	468.402	301.235	Spots	0.0	0.32	0.0	0.0	0.0	4	5	0.0	0.0	0.0	0
119	0	485.279	295.385	497.322	301.235	Rate	0.0	0.32	0.0	0.0	0.0	13	4	0.0	0.0	0.0	0
120	0	536.282	295.385	549.534	301.235	Total	0.0	0.31	0.0	0.0	0.0	106	5	0.0	0.0	0.0	0
121	0	610.079	295.385	628.551	301.235	Station	0.0	0.31	0.0	0.0	0.0	57	7	0.0	0.0	0.0	0
122	0	690.479	295.385	718.602	301.235	Comments	0.0	0.31	0.0	0.0	0.0	361	8	0.0	0.0	0.0	0
123	0	747.599	295.385	768.076	301.235	Entered	0.0	0.25	0.0	0.0	0.0	598	7	0.0	0.0	0.0	0
124	0	35.039	307.506	63.773	313.356	1.0Normal	0.0	0.22	0.0	0.0	0.0	461	9	0.22222222	0.0	0.0	0
125	0	65.642	307.506	76.492	313.356	Line	0.0	0.22	0.0	0.0	0.0	89	4	0.0	0.0	0.0	0
126	0	82.572	307.506	96.767	313.356	News	0.0	0.22	0.0	0.0	0.0	17	4	0.0	0.0	0.0	0
127	0	149.159	307.505	199.479	313.355	10/09/12-10/09/12	0.0	0.16	0.0	0.0	0.0	0	17	0.7058824	0.0	0.0	0
128	0	250.08	307.505	269.422	313.356	:305A-	0.0	0.24	0.0	0.0	0.0	16	6	0.5	0.0	0.0	0
129	0	271.321	307.505	301.826	313.355	News-News	0.0	0.24	0.0	0.0	0.0	1514	9	0.0	0.0	0.0	0
130	0	312.111	307.505	325.066	313.355	Early	0.0	0.17	0.0	0.0	0.0	234	5	0.0	0.0	0.0	0
131	0	490.679	307.386	511.966	313.236	$800.00	0.0	0.24	0.0	0.0	0.67	0	7	0.71428573	1.0	6.685861	0
132	0	550.92	307.386	597.29	313.356	$800.00Asheville	0.0	0.27	0.0	0.0	0.0	2054	16	0.3125	0.0	0.0	0
133	0	599.169	307.506	619.718	313.356	(WLOS)	0.0	0.27	0.0	0.0	0.0	1973	6	0.0	0.0	0.0	0
134	0	666.72	307.506	682.786	313.356	NEWS	0.0	0.27	0.0	0.0	0.0	17	4	0.0	0.0	0.0	0
135	0	693.124	307.506	710.277	313.356	EARLY	0.0	0.27	0.0	0.0	0.0	234	5	0.0	0.0	0.0	0
136	0	712.213	307.506	735.904	313.356	EDITION	0.0	0.27	0.0	0.0	0.0	328	7	0.0	0.0	0.0	0
137	0	743.76	307.506	764.56	313.356	10/5/12	0.0	0.22	0.0	0.0	0.0	0	7	0.71428573	0.0	0.0	0
138	0	260.399	314.705	271.81	320.555	5am	0.0	0.27	0.0	0.0	0.0	73	3	0.33333334	0.0	0.0	0
139	0	35.039	325.266	63.773	331.116	2.0Normal	0.0	0.27	0.0	0.0	0.0	461	9	0.22222222	0.0	0.0	0
140	0	65.642	325.266	76.492	331.116	Line	0.0	0.22	0.0	0.0	0.0	89	4	0.0	0.0	0.0	0
141	0	82.572	325.266	96.767	331.116	News	0.0	0.22	0.0	0.0	0.0	17	4	0.0	0.0	0.0	0
142	0	149.16	325.266	199.479	331.116	10/12/12-10/12/12	0.0	0.16	0.0	0.0	0.0	0	17	0.7058824	0.0	0.0	0
143	0	250.08	325.266	269.423	331.116	:305A-	0.0	0.24	0.0	0.0	0.0	16	6	0.5	0.0	0.0	0
144	0	271.322	325.266	301.827	331.116	News-News	0.0	0.24	0.0	0.0	0.0	1514	9	0.0	0.0	0.0	0
145	0	312.112	325.266	325.066	331.116	Early	0.0	0.17	0.0	0.0	0.0	234	5	0.0	0.0	0.0	0
146	0	490.679	325.266	511.966	331.116	$800.00	0.0	0.24	0.0	0.0	0.67	0	7	0.71428573	1.0	6.685861	0
147	0	550.92	325.266	597.29	331.116	$800.00Asheville	0.0	0.27	0.0	0.0	0.0	2054	16	0.3125	0.0	0.0	0
148	0	599.169	325.266	619.718	331.116	(WLOS)	0.0	0.27	0.0	0.0	0.0	1973	6	0.0	0.0	0.0	0
149	0	666.72	325.266	682.786	331.116	NEWS	0.0	0.27	0.0	0.0	0.0	17	4	0.0	0.0	0.0	0
150	0	693.124	325.266	710.277	331.116	EARLY	0.0	0.27	0.0	0.0	0.0	234	5	0.0	0.0	0.0	0
151	0	712.213	325.266	735.904	331.116	EDITION	0.0	0.27	0.0	0.0	0.0	328	7	0.0	0.0	0.0	0
152	0	743.76	325.266	764.56	331.116	10/5/12	0.0	0.22	0.0	0.0	0.0	0	7	0.71428573	0.0	0.0	0
153	0	260.4	332.466	271.81	338.316	5am	0.0	0.27	0.0	0.0	0.0	73	3	0.33333334	0.0	0.0	0
154	0	35.039	343.146	63.773	348.996	3.0Normal	0.0	0.27	0.0	0.0	0.0	461	9	0.22222222	0.0	0.0	0
155	0	65.642	343.146	76.492	348.996	Line	0.0	0.22	0.0	0.0	0.0	89	4	0.0	0.0	0.0	0
156	0	82.572	343.146	96.767	348.996	News	0.0	0.22	0.0	0.0	0.0	17	4	0.0	0.0	0.0	0
157	0	149.16	343.146	199.479	348.996	10/15/12-10/15/12	0.0	0.16	0.0	0.0	0.0	0	17	0.7058824	0.0	0.0	0
158	0	250.08	343.146	269.423	348.996	:305A-	0.0	0.24	0.0	0.0	0.0	16	6	0.5	0.0	0.0	0
159	0	271.322	343.146	301.827	348.996	News-News	0.0	0.24	0.0	0.0	0.0	1514	9	0.0	0.0	0.0	0
160	0	312.112	343.146	325.066	348.996	Early	0.0	0.17	0.0	0.0	0.0	234	5	0.0	0.0	0.0	0
161	0	490.679	343.026	511.966	348.876	$800.00	0.0	0.24	0.0	0.0	0.67	0	7	0.71428573	1.0	6.685861	0
162	0	550.92	343.026	597.29	348.996	$800.00Asheville	0.0	0.27	0.0	0.0	0.0	2054	16	0.3125	0.0	0.0	0
163	0	599.169	343.146	619.718	348.996	(WLOS)	0.0	0.27	0.0	0.0	0.0	1973	6	0.0	0.0	0.0	0
164	0	666.72	343.146	682.786	348.996	NEWS	0.0	0.27	0.0	0.0	0.0	17	4	0.0	0.0	0.0	0
165	0	693.124	343.146	710.277	348.996	EARLY	0.0	0.27	0.0	0.0	0.0	234	5	0.0	0.0	0.0	0
166	0	712.213	343.146	735.904	348.996	EDITION	0.0	0.27	0.0	0.0	0.0	328	7	0.0	0.0	0.0	0
167	0	743.76	343.146	764.56	348.996	10/5/12	0.0	0.22	0.0	0.0	0.0	0	7	0.71428573	0.0	0.0	0
168	0	260.4	350.346	271.81	356.196	5am	0.0	0.27	0.0	0.0	0.0	73	3	0.33333334	0.0	0.0	0
169	0	35.039	360.906	63.773	366.756	4.0Normal	0.0	0.27	0.0	0.0	0.0	461	9	0.22222222	0.0	0.0	0
170	0	65.642	360.906	76.492	366.756	Line	0.0	0.22	0.0	0.0	0.0	89	4	0.0	0.0	0.0	0
171	0	82.572	360.906	96.767	366.756	News	0.0	0.22	0.0	0.0	0.0	17	4	0.0	0.0	0.0	0
172	0	149.16	360.906	199.479	366.756	10/09/12-10/09/12	0.0	0.15	0.0	0.0	0.0	0	17	0.7058824	0.0	0.0	0
173	0	250.08	360.906	278.067	366.756	:305:28A-	0.0	0.22	0.0	0.0	0.0	16	9	0.5555556	0.0	0.0	0
174	0	279.966	360.906	310.471	366.756	News-News	0.0	0.22	0.0	0.0	0.0	1514	9	0.0	0.0	0.0	0
175	0	320.756	360.906	333.71	366.756	Early	0.0	0.17	0.0	0.0	0.0	234	5	0.0	0.0	0.0	0
176	0	485.639	360.786	511.968	366.636	$1,200.00	0.0	0.22	0.0	0.0	0.88	0	9	0.6666667	1.0	7.09091	0
177	0	545.88	360.786	597.29	366.756	$1,200.00Asheville	0.0	0.26	0.0	0.0	0.0	2054	18	0.33333334	0.0	0.0	0
178	0	599.169	360.906	619.718	366.756	(WLOS)	0.0	0.26	0.0	0.0	0.0	1973	6	0.0	0.0	0.0	0
179	0	666.72	360.906	682.786	366.756	NEWS	0.0	0.26	0.0	0.0	0.0	17	4	0.0	0.0	0.0	0
180	0	743.76	360.906	764.56	366.756	10/5/12	0.0	0.16	0.0	0.0	0.0	0	7	0.71428573	0.0	0.0	0
181	0	260.4	368.106	273.277	373.956	530a	0.0	0.19	0.0	0.0	0.0	16	4	0.75	0.0	0.0	0
182	0	35.039	378.666	63.773	384.516	5.0Normal	0.0	0.22	0.0	0.0	0.0	461	9	0.22222222	0.0	0.0	0
183	0	65.642	378.666	76.492	384.516	Line	0.0	0.22	0.0	0.0	0.0	89	4	0.0	0.0	0.0	0
184	0	82.572	378.666	96.767	384.516	News	0.0	0.22	0.0	0.0	0.0	17	4	0.0	0.0	0.0	0
185	0	149.16	378.666	199.479	384.516	10/11/12-10/11/12	0.0	0.15	0.0	0.0	0.0	0	17	0.7058824	0.0	0.0	0
186	0	250.08	378.666	278.067	384.516	:305:28A-	0.0	0.22	0.0	0.0	0.0	16	9	0.5555556	0.0	0.0	0
187	0	279.966	378.666	310.471	384.516	News-News	0.0	0.22	0.0	0.0	0.0	1514	9	0.0	0.0	0.0	0
188	0	320.756	378.666	333.71	384.516	Early	0.0	0.17	0.0	0.0	0.0	234	5	0.0	0.0	0.0	0
189	0	485.639	378.666	511.968	384.516	$1,200.00	0.0	0.22	0.0	0.0	0.88	0	9	0.6666667	1.0	7.09091	0
190	0	545.88	378.666	597.29	384.516	$1,200.00Asheville	0.0	0.26	0.0	0.0	0.0	2054	18	0.33333334	0.0	0.0	0
191	0	599.169	378.666	619.718	384.516	(WLOS)	0.0	0.26	0.0	0.0	0.0	1973	6	0.0	0.0	0.0	0
192	0	666.72	378.666	682.786	384.516	NEWS	0.0	0.26	0.0	0.0	0.0	17	4	0.0	0.0	0.0	0
193	0	743.76	378.666	764.56	384.516	10/5/12	0.0	0.16	0.0	0.0	0.0	0	7	0.71428573	0.0	0.0	0
194	0	260.4	385.866	273.277	391.716	530a	0.0	0.19	0.0	0.0	0.0	16	4	0.75	0.0	0.0	0
195	0	35.039	396.546	63.773	402.396	6.0Normal	0.0	0.22	0.0	0.0	0.0	461	9	0.22222222	0.0	0.0	0
196	0	65.642	396.546	76.492	402.396	Line	0.0	0.22	0.0	0.0	0.0	89	4	0.0	0.0	0.0	0
197	0	82.572	396.546	96.767	402.396	News	0.0	0.22	0.0	0.0	0.0	17	4	0.0	0.0	0.0	0
198	0	149.16	396.546	199.479	402.396	10/15/12-10/15/12	0.0	0.15	0.0	0.0	0.0	0	17	0.7058824	0.0	0.0	0
199	0	250.08	396.546	278.067	402.396	:305:28A-	0.0	0.22	0.0	0.0	0.0	16	9	0.5555556	0.0	0.0	0
200	0	279.966	396.546	310.471	402.396	News-News	0.0	0.22	0.0	0.0	0.0	1514	9	0.0	0.0	0.0	0
201	0	320.756	396.546	333.71	402.396	Early	0.0	0.17	0.0	0.0	0.0	234	5	0.0	0.0	0.0	0
202	0	485.639	396.426	511.968	402.276	$1,200.00	0.0	0.22	0.0	0.0	0.88	0	9	0.6666667	1.0	7.09091	0
203	0	545.88	396.426	597.29	402.396	$1,200.00Asheville	0.0	0.26	0.0	0.0	0.0	2054	18	0.33333334	0.0	0.0	0
204	0	599.169	396.546	619.718	402.396	(WLOS)	0.0	0.26	0.0	0.0	0.0	1973	6	0.0	0.0	0.0	0
205	0	666.72	396.546	682.786	402.396	NEWS	0.0	0.26	0.0	0.0	0.0	17	4	0.0	0.0	0.0	0
206	0	743.76	396.546	764.56	402.396	10/5/12	0.0	0.16	0.0	0.0	0.0	0	7	0.71428573	0.0	0.0	0
207	0	260.4	403.746	273.277	409.596	530a	0.0	0.19	0.0	0.0	0.0	16	4	0.75	0.0	0.0	0
208	0	35.039	414.306	63.773	420.156	7.0Normal	0.0	0.22	0.0	0.0	0.0	461	9	0.22222222	0.0	0.0	0
209	0	65.642	414.306	76.492	420.156	Line	0.0	0.22	0.0	0.0	0.0	89	4	0.0	0.0	0.0	0
210	0	82.572	414.306	96.767	420.156	News	0.0	0.22	0.0	0.0	0.0	17	4	0.0	0.0	0.0	0
211	0	149.16	414.306	199.479	420.156	10/09/12-10/09/12	0.0	0.14	0.0	0.0	0.0	0	17	0.7058824	0.0	0.0	0
212	0	250.08	414.306	269.423	420.156	:306A-	0.0	0.18	0.0	0.0	0.0	16	6	0.5	0.0	0.0	0
213	0	271.322	414.306	286.816	420.156	6:30A	0.0	0.21	0.0	0.0	0.0	16	5	0.6	0.0	0.0	0
214	0	288.732	414.306	303.515	420.156	(EST)	0.0	0.21	0.0	0.0	0.0	395	5	0.0	0.0	0.0	0
215	0	485.639	414.186	511.968	420.036	$2,500.00	0.0	0.22	0.0	0.0	0.75	0	9	0.6666667	1.0	7.8244457	0
216	0	545.88	414.186	597.29	420.156	$2,500.00Asheville	0.0	0.26	0.0	0.0	0.0	2054	18	0.33333334	0.0	0.0	0
217	0	599.169	414.306	619.718	420.156	(WLOS)	0.0	0.26	0.0	0.0	0.0	1973	6	0.0	0.0	0.0	0
218	0	666.72	414.306	682.786	420.156	NEWS	0.0	0.26	0.0	0.0	0.0	17	4	0.0	0.0	0.0	0
219	0	693.127	414.306	706.31	420.156	THIS	0.0	0.28	0.0	0.0	0.0	82	4	0.0	0.0	0.0	0
220	0	708.244	414.306	735.056	420.156	MORNING	0.0	0.32	0.0	0.0	0.0	152	7	0.0	0.0	0.0	0
221	0	743.76	414.306	764.56	420.156	10/5/12	0.0	0.25	0.0	0.0	0.0	0	7	0.71428573	0.0	0.0	0
222	0	35.039	426.426	63.773	432.276	8.0Normal	0.0	0.22	0.0	0.0	0.0	461	9	0.22222222	0.0	0.0	0
223	0	65.642	426.426	76.492	432.276	Line	0.0	0.22	0.0	0.0	0.0	89	4	0.0	0.0	0.0	0
224	0	82.572	426.426	96.767	432.276	News	0.0	0.22	0.0	0.0	0.0	17	4	0.0	0.0	0.0	0
225	0	149.16	426.426	199.479	432.276	10/11/12-10/11/12	0.0	0.14	0.0	0.0	0.0	0	17	0.7058824	0.0	0.0	0
226	0	250.08	426.426	269.423	432.276	:306A-	0.0	0.18	0.0	0.0	0.0	16	6	0.5	0.0	0.0	0
227	0	271.322	426.426	286.816	432.276	6:30A	0.0	0.21	0.0	0.0	0.0	16	5	0.6	0.0	0.0	0
228	0	288.732	426.426	303.515	432.276	(EST)	0.0	0.21	0.0	0.0	0.0	395	5	0.0	0.0	0.0	0
229	0	485.639	426.306	511.968	432.156	$2,500.00	0.0	0.22	0.0	0.0	0.75	0	9	0.6666667	1.0	7.8244457	0
230	0	545.88	426.306	597.29	432.276	$2,500.00Asheville	0.0	0.26	0.0	0.0	0.0	2054	18	0.33333334	0.0	0.0	0
231	0	599.169	426.426	619.718	432.276	(WLOS)	0.0	0.26	0.0	0.0	0.0	1973	6	0.0	0.0	0.0	0
232	0	666.72	426.426	682.786	432.276	NEWS	0.0	0.26	0.0	0.0	0.0	17	4	0.0	0.0	0.0	0
233	0	693.127	426.426	706.31	432.276	THIS	0.0	0.28	0.0	0.0	0.0	82	4	0.0	0.0	0.0	0
234	0	708.244	426.426	735.056	432.276	MORNING	0.0	0.32	0.0	0.0	0.0	152	7	0.0	0.0	0.0	0
235	0	743.76	426.426	764.56	432.276	10/5/12	0.0	0.25	0.0	0.0	0.0	0	7	0.71428573	0.0	0.0	0
236	0	35.039	438.546	63.773	444.396	9.0Normal	0.0	0.22	0.0	0.0	0.0	461	9	0.22222222	0.0	0.0	0
237	0	65.642	438.546	76.492	444.396	Line	0.0	0.22	0.0	0.0	0.0	89	4	0.0	0.0	0.0	0
238	0	82.572	438.546	96.767	444.396	News	0.0	0.22	0.0	0.0	0.0	17	4	0.0	0.0	0.0	0
239	0	149.16	438.546	199.479	444.396	10/15/12-10/15/12	0.0	0.14	0.0	0.0	0.0	0	17	0.7058824	0.0	0.0	0
240	0	250.08	438.546	269.423	444.396	:306A-	0.0	0.18	0.0	0.0	0.0	16	6	0.5	0.0	0.0	0
241	0	271.322	438.546	286.816	444.396	6:30A	0.0	0.21	0.0	0.0	0.0	16	5	0.6	0.0	0.0	0
242	0	288.732	438.546	303.515	444.396	(EST)	0.0	0.21	0.0	0.0	0.0	395	5	0.0	0.0	0.0	0
243	0	485.639	438.426	511.968	444.276	$2,500.00	0.0	0.22	0.0	0.0	0.75	0	9	0.6666667	1.0	7.8244457	0
244	0	545.88	438.426	597.29	444.396	$2,500.00Asheville	0.0	0.26	0.0	0.0	0.0	2054	18	0.33333334	0.0	0.0	0
245	0	599.169	438.546	619.718	444.396	(WLOS)	0.0	0.26	0.0	0.0	0.0	1973	6	0.0	0.0	0.0	0
246	0	666.72	438.546	682.786	444.396	NEWS	0.0	0.26	0.0	0.0	0.0	17	4	0.0	0.0	0.0	0
247	0	693.127	438.546	706.31	444.396	THIS	0.0	0.28	0.0	0.0	0.0	82	4	0.0	0.0	0.0	0
248	0	708.244	438.546	735.056	444.396	MORNING	0.0	0.32	0.0	0.0	0.0	152	7	0.0	0.0	0.0	0
249	0	743.76	438.546	764.56	444.396	10/5/12	0.0	0.25	0.0	0.0	0.0	0	7	0.71428573	0.0	0.0	0
250	0	31.799	450.666	63.773	456.516	10.0Normal	0.0	0.22	0.0	0.0	0.0	461	10	0.3	0.0	0.0	0
251	0	65.642	450.666	76.492	456.516	Line	0.0	0.22	0.0	0.0	0.0	89	4	0.0	0.0	0.0	0
252	0	82.572	450.666	96.767	456.516	News	0.0	0.22	0.0	0.0	0.0	17	4	0.0	0.0	0.0	0
253	0	149.16	450.666	199.479	456.516	10/10/12-10/10/12	0.0	0.14	0.0	0.0	0.0	0	17	0.7058824	0.0	0.0	0
254	0	250.08	450.666	278.067	456.516	:306:30A-	0.0	0.18	0.0	0.0	0.0	16	9	0.5555556	0.0	0.0	0
255	0	288.732	450.666	303.515	456.516	(EST)	0.0	0.24	0.0	0.0	0.0	395	5	0.0	0.0	0.0	0
256	0	485.639	450.546	511.968	456.396	$3,000.00	0.0	0.22	0.0	0.0	0.62	0	9	0.6666667	1.0	8.0067005	0
257	0	545.88	450.546	597.29	456.516	$3,000.00Asheville	0.0	0.26	0.0	0.0	0.0	2054	18	0.33333334	0.0	0.0	0
258	0	599.169	450.666	619.718	456.516	(WLOS)	0.0	0.26	0.0	0.0	0.0	1973	6	0.0	0.0	0.0	0
259	0	666.72	450.666	682.786	456.516	NEWS	0.0	0.26	0.0	0.0	0.0	17	4	0.0	0.0	0.0	0
260	0	693.127	450.666	706.31	456.516	THIS	0.0	0.28	0.0	0.0	0.0	82	4	0.0	0.0	0.0	0
261	0	708.244	450.666	735.056	456.516	MORNING	0.0	0.32	0.0	0.0	0.0	152	7	0.0	0.0	0.0	0
262	0	743.76	450.666	764.56	456.516	10/5/12	0.0	0.25	0.0	0.0	0.0	0	7	0.71428573	0.0	0.0	0
263	0	31.799	462.666	63.773	468.516	11.0Normal	0.0	0.22	0.0	0.0	0.0	461	10	0.3	0.0	0.0	0
264	0	65.642	462.666	76.492	468.516	Line	0.0	0.22	0.0	0.0	0.0	89	4	0.0	0.0	0.0	0
265	0	82.572	462.666	96.767	468.516	News	0.0	0.22	0.0	0.0	0.0	17	4	0.0	0.0	0.0	0
266	0	149.16	462.666	199.479	468.516	10/12/12-10/12/12	0.0	0.14	0.0	0.0	0.0	0	17	0.7058824	0.0	0.0	0
267	0	250.08	462.666	278.067	468.516	:306:30A-	0.0	0.18	0.0	0.0	0.0	16	9	0.5555556	0.0	0.0	0
268	0	288.732	462.666	303.515	468.516	(EST)	0.0	0.24	0.0	0.0	0.0	395	5	0.0	0.0	0.0	0
269	0	485.639	462.666	511.968	468.516	$3,000.00	0.0	0.22	0.0	0.0	0.62	0	9	0.6666667	1.0	8.0067005	0
270	0	545.88	462.666	597.29	468.516	$3,000.00Asheville	0.0	0.26	0.0	0.0	0.0	2054	18	0.33333334	0.0	0.0	0
271	0	599.169	462.666	619.718	468.516	(WLOS)	0.0	0.26	0.0	0.0	0.0	1973	6	0.0	0.0	0.0	0
272	0	666.72	462.666	682.786	468.516	NEWS	0.0	0.26	0.0	0.0	0.0	17	4	0.0	0.0	0.0	0
273	0	693.127	462.666	706.31	468.516	THIS	0.0	0.28	0.0	0.0	0.0	82	4	0.0	0.0	0.0	0
274	0	708.244	462.666	735.056	468.516	MORNING	0.0	0.32	0.0	0.0	0.0	152	7	0.0	0.0	0.0	0
275	0	743.76	462.666	764.56	468.516	10/5/12	0.0	0.27	0.0	0.0	0.0	0	7	0.71428573	0.0	0.0	0
276	0	309.36	475.703	405.715	485.33	CONFIRMATION	0.0	0.32	0.0	0.0	0.0	342	12	0.0	0.0	0.0	0
277	0	409.2	475.703	479.314	485.33	CONTRACT	0.0	0.32	0.0	0.0	0.0	53	8	0.0	0.0	0.0	0
278	0	18.243	491.789	99.078	497.99	Accepted-Agency/Advertiser:	0.0	0.22	0.0	0.0	0.0	746	27	0.0	0.0	0.0	0
279	0	236.399	491.789	251.849	497.99	Date:	0.0	0.22	0.0	0.0	0.0	8	5	0.0	0.0	0.0	0
280	0	302.399	491.789	352.162	497.99	Accepted-Station:	0.0	0.23	0.0	0.0	0.0	731	17	0.0	0.0	0.0	0
281	0	476.399	490.949	491.849	497.15	Date:	0.0	0.33	0.0	0.0	0.0	8	5	0.0	0.0	0.0	0
282	0	533.156	490.949	565.532	497.15	Comments:	0.0	0.33	0.0	0.0	0.0	361	9	0.0	0.0	0.0	0
283	0	14.399	575.789	24.09	581.99	B/E	0.0	0.33	0.0	0.0	0.0	124	3	0.0	0.0	0.0	0
284	0	26.158	575.789	50.44	581.99	Bookend	0.0	0.33	0.0	0.0	0.0	669	7	0.0	0.0	0.0	0
285	0	56.527	575.789	66.157	581.99	P/B	0.0	0.3	0.0	0.0	0.0	629	3	0.0	0.0	0.0	0
286	0	68.164	575.789	83.222	581.99	Piggy	0.0	0.15	0.0	0.0	0.0	694	5	0.0	0.0	0.0	0
287	0	85.212	575.789	98.341	581.99	Back	0.0	0.21	0.0	0.0	0.0	665	4	0.0	0.0	0.0	0
288	0	740.04	581.928	754.988	588.714	Page	0.0	0.24	0.0	0.0	0.0	7	4	0.0	0.0	0.0	0
289	0	14.399	588.177	39.25	596.016	Printed	0.0	0.32	0.0	0.0	0.0	159	7	0.0	0.0	0.0	0
290	0	41.765	588.177	52.052	596.016	At:	0.0	0.21	0.0	0.0	0.0	74	3	0.0	0.0	0.0	0
291	0	54.609	588.177	75.213	596.016	12:13	0.0	0.2	0.0	0.0	0.0	0	5	0.8	0.0	0.0	0
292	0	102.278	588.177	134.235	596.016	Tuesday,	0.0	0.18	0.0	0.0	0.0	354	8	0.0	0.0	0.0	0
293	0	136.721	588.177	164.577	596.016	October	0.0	0.26	0.0	0.0	0.0	191	7	0.0	0.0	0.0	0
294	0	176.567	588.177	194.287	596.016	2012	0.0	0.26	0.0	0.0	0.62	0	4	1.0	1.0	7.6073813	0
295	1	223.68	16.51	266.592	26.171	Contract	0.0	0.26	0.0	0.0	0.0	53	8	0.0	0.0	0.0	0
296	1	289.68	16.765	339.224	27.474	1389462	0.0	0.22	0.0	0.0	0.63	0	7	1.0	1.0	14.144428	0
297	1	447.96	18.674	460.776	23.912	Date	0.0	0.28	0.0	0.0	0.0	8	4	0.0	0.0	0.0	0
298	1	462.364	18.674	483.772	23.912	Entered	0.0	0.28	0.0	0.0	0.0	598	7	0.0	0.0	0.0	0
299	1	503.76	19.007	532.046	25.793	10/05/12	0.0	0.29	0.0	0.0	0.0	0	8	0.75	0.0	0.0	0
300	1	608.283	17.842	639.915	24.593	Asheville	0.0	0.35	0.0	0.0	0.0	2054	9	0.0	0.0	0.0	0
301	1	641.895	17.842	669.178	24.593	(WLOS)	0.0	0.35	0.0	0.0	0.0	1973	6	0.0	0.0	0.0	0
302	1	223.68	29.594	248.489	34.832	Schedule	0.0	0.35	0.0	0.0	0.0	387	8	0.0	0.0	0.0	0
303	1	250.077	29.594	265.707	34.832	Dates	0.0	0.35	0.0	0.0	0.0	18	5	0.0	0.0	0.0	0
304	1	289.68	29.927	348.804	36.713	10/09/12-10/15/12	0.0	0.19	0.0	0.0	0.0	0	17	0.7058824	0.0	0.0	0
305	1	447.96	30.194	459.333	35.432	Last	0.0	0.27	0.0	0.0	0.0	330	4	0.0	0.0	0.0	0
306	1	460.925	30.194	484.486	35.432	Modified	0.0	0.31	0.0	0.0	0.0	645	8	0.0	0.0	0.0	0
307	1	503.76	30.527	532.046	37.313	10/05/12	0.0	0.31	0.0	0.0	0.0	0	8	0.75	0.0	0.0	0
308	1	618.0	27.407	648.163	34.193	Broadcast	0.0	0.37	0.0	0.0	0.0	41	9	0.0	0.0	0.0	0
309	1	650.274	27.407	669.528	34.193	Month	0.0	0.38	0.0	0.0	0.0	52	5	0.0	0.0	0.0	0
310	1	678.6	27.3	696.519	33.47	Spots	0.0	0.38	0.0	0.0	0.0	4	5	0.0	0.0	0.0	0
311	1	747.12	27.3	761.949	33.47	Rate	0.0	0.38	0.0	0.0	0.0	13	4	0.0	0.0	0.0	0
312	1	608.28	37.367	620.83	44.153	Oct.	0.0	0.33	0.0	0.0	0.0	464	4	0.0	0.0	0.0	0
313	1	625.206	37.367	640.535	44.153	2012	0.0	0.23	0.0	0.0	0.62	0	4	1.0	1.0	7.6073813	0
314	1	720.361	37.367	759.218	44.153	$142,700.00	0.0	0.19	0.0	0.0	1.0	0	11	0.72727275	1.0	11.868506	gross_amount
315	1	115.44	43.367	137.171	51.809	WLOS	0.0	0.33	0.0	0.0	0.0	1973	4	0.0	0.0	0.0	0
316	1	139.204	43.367	168.865	51.809	Asheville	0.0	0.65	0.0	0.0	0.0	2054	9	0.0	0.0	0.0	0
317	1	223.682	40.775	254.862	46.595	Advertiser	0.0	0.78	0.0	0.0	0.0	6	10	0.0	0.0	0.0	0
318	1	289.683	41.208	318.291	47.994	American	0.0	1.0	0.0	0.0	0.0	258	8	0.0	0.0	0.0	advertiser
319	1	320.406	41.208	354.113	47.994	Crossroads	0.0	1.0	0.0	0.0	0.0	607	10	0.0	0.0	0.0	advertiser
320	1	356.284	41.208	380.8	47.994	(41509)	0.0	0.84	0.0	0.0	0.0	0	7	0.71428573	0.0	0.0	0
321	1	447.96	41.834	469.368	47.072	Entered	0.0	0.72	0.0	0.0	0.0	598	7	0.0	0.0	0.0	0
322	1	503.76	40.487	523.275	47.273	Louise	0.0	0.37	0.0	0.0	0.0	2342	6	0.0	0.0	0.0	0
323	1	525.488	40.487	546.599	47.273	Palmer	0.0	0.43	0.0	0.0	0.0	2399	6	0.0	0.0	0.0	0
324	1	115.44	53.927	127.711	62.369	110	0.0	0.43	0.0	0.0	0.67	0	3	1.0	1.0	4.7095304	0
325	1	129.718	53.927	167.85	62.369	Technology	0.0	0.57	0.0	0.0	0.0	1861	10	0.0	0.0	0.0	0
326	1	223.682	53.015	245.503	58.835	Agency	0.0	0.76	0.0	0.0	0.0	2	6	0.0	0.0	0.0	0
327	1	289.68	53.928	323.387	60.714	Crossroads	0.0	0.76	0.0	0.0	0.0	607	10	0.0	0.0	0.0	0
328	1	325.558	53.928	378.193	60.714	Media-Alexandria	0.0	0.52	0.0	0.0	0.0	6096	16	0.0	0.0	0.0	0
329	1	380.296	53.928	400.971	60.714	(2097)	0.0	0.46	0.0	0.0	0.0	0	6	0.6666667	0.0	0.0	0
330	1	447.96	53.354	465.79	58.592	CO-OP	0.0	0.36	0.0	0.0	0.0	675	5	0.0	0.0	0.0	0
331	1	608.28	49.109	625.241	55.31	Grand	0.0	0.35	0.0	0.0	0.0	503	5	0.0	0.0	0.0	0
332	1	627.246	49.109	643.659	55.31	Total:	0.0	0.34	0.0	0.0	0.0	106	6	0.0	0.0	0.0	0
333	1	720.36	50.687	759.216	57.473	$142,700.00	0.0	0.24	0.0	0.0	1.0	0	11	0.72727275	1.0	11.868506	gross_amount
334	1	115.444	64.607	147.129	73.049	Asheville,	0.0	0.38	0.0	0.0	0.0	2054	10	0.0	0.0	0.0	0
335	1	163.796	64.607	184.226	73.049	28803	0.0	0.38	0.0	0.0	0.59	0	5	1.0	1.0	10.26827	0
336	1	223.68	65.594	245.006	70.832	Product	0.0	0.38	0.0	0.0	0.0	5	7	0.0	0.0	0.0	0
337	1	289.68	65.927	323.162	72.713	POLITICAL	0.0	0.28	0.0	0.0	0.0	160	9	0.0	0.0	0.0	0
338	1	325.336	65.927	362.61	72.713	CANDIDATE	0.0	0.3	0.0	0.0	0.0	292	9	0.0	0.0	0.0	0
339	1	364.821	65.927	385.35	72.713	SUPER	0.0	0.33	0.0	0.0	0.0	3441	5	0.0	0.0	0.0	0
340	1	387.506	65.927	399.737	72.713	PAC	0.0	0.33	0.0	0.0	0.0	617	3	0.0	0.0	0.0	0
341	1	401.913	65.927	414.186	72.713	(ns)	0.0	0.33	0.0	0.0	0.0	904	4	0.0	0.0	0.0	0
342	1	416.32	65.927	436.995	72.713	(1386)	0.0	0.28	0.0	0.0	0.0	0	6	0.6666667	0.0	0.0	0
343	1	447.96	64.874	471.935	70.112	Headline	0.0	0.28	0.0	0.0	0.0	949	8	0.0	0.0	0.0	0
344	1	503.76	63.527	546.937	70.313	ECR09836778	0.0	0.69	0.0	0.0	0.0	957	11	0.72727275	0.0	0.0	0
345	1	223.68	77.594	239.926	82.832	Brand	0.0	0.88	0.0	0.0	0.0	366	5	0.0	0.0	0.0	0
346	1	289.683	77.927	323.264	84.713	AMERICAN	0.0	1.0	0.0	0.0	0.0	258	8	0.0	0.0	0.0	advertiser
347	1	325.454	77.927	368.592	84.713	CROSSROADS	0.0	1.0	0.0	0.0	0.0	607	10	0.0	0.0	0.0	advertiser
348	1	370.711	77.927	399.067	84.713	(325849)	0.0	0.82	0.0	0.0	0.0	0	8	0.75	0.0	0.0	0
349	1	447.959	76.394	463.779	81.632	Demo	0.0	0.75	0.0	0.0	0.0	416	4	0.0	0.0	0.0	0
350	1	223.68	89.594	256.669	94.832	Salesperson	0.0	0.39	0.0	0.0	0.0	337	11	0.0	0.0	0.0	0
351	1	289.68	89.927	339.213	96.713	Millennium/PHL,	0.0	0.25	0.0	0.0	0.0	2319	15	0.0	0.0	0.0	0
352	1	341.426	89.927	377.865	96.713	Philadelphia	0.0	0.25	0.0	0.0	0.0	217	12	0.0	0.0	0.0	0
353	1	379.969	89.927	400.643	96.713	(1103)	0.0	0.23	0.0	0.0	0.0	0	6	0.6666667	0.0	0.0	0
354	1	447.959	88.034	463.508	93.272	Order	0.0	0.2	0.0	0.0	0.0	9	5	0.0	0.0	0.0	0
355	1	465.123	88.034	478.174	93.272	Type	0.0	0.2	0.0	0.0	0.0	45	4	0.0	0.0	0.0	0
356	1	505.56	88.127	527.673	94.913	Normal	0.0	0.25	0.0	0.0	0.0	461	6	0.0	0.0	0.0	0
357	1	447.96	98.594	470.734	103.832	Package	0.0	0.29	0.0	0.0	0.0	390	7	0.0	0.0	0.0	0
358	1	472.323	98.594	484.518	103.832	Deal	0.0	0.29	0.0	0.0	0.0	284	4	0.0	0.0	0.0	0
359	1	223.68	102.434	238.109	107.672	Sales	0.0	0.29	0.0	0.0	0.0	10	5	0.0	0.0	0.0	0
360	1	239.645	102.434	255.694	107.672	Office	0.0	0.46	0.0	0.0	0.0	12	6	0.0	0.0	0.0	0
361	1	289.68	102.168	322.44	108.954	Millennium	0.0	0.56	0.0	0.0	0.0	442	10	0.0	0.0	0.0	0
362	1	324.627	102.168	361.067	108.954	Philadelphia	0.0	0.7	0.0	0.0	0.0	217	12	0.0	0.0	0.0	0
363	1	28.199	111.408	65.734	119.85	Crossroads	0.0	0.71	0.0	0.0	0.0	607	10	0.0	0.0	0.0	0
364	1	67.796	111.408	125.06	119.85	Media-Alexandria	0.0	0.5	0.0	0.0	0.0	6096	16	0.0	0.0	0.0	0
365	1	223.68	114.794	239.59	120.032	Buyer	0.0	0.46	0.0	0.0	0.0	326	5	0.0	0.0	0.0	0
366	1	241.204	114.794	257.025	120.032	Name	0.0	0.47	0.0	0.0	0.0	110	4	0.0	0.0	0.0	0
367	1	289.68	113.928	341.239	120.714	Maron,Stephanie	0.0	0.47	0.0	0.0	0.0	8887	15	0.0	0.0	0.0	0
368	1	447.96	110.234	480.948	115.472	Commission	0.0	0.47	0.0	0.0	0.0	83	10	0.0	0.0	0.0	0
369	1	504.36	110.568	521.851	117.354	15.00	0.0	0.37	0.0	0.0	0.57	0	5	0.8	1.0	2.7725887	0
370	1	38.398	122.088	57.56	130.53	Canal	0.0	0.35	0.0	0.0	0.0	622	5	0.0	0.0	0.0	0
371	1	59.637	122.088	81.659	130.53	Center	0.0	0.35	0.0	0.0	0.0	403	6	0.0	0.0	0.0	0
372	1	83.638	122.088	102.147	130.53	Plaza	0.0	0.35	0.0	0.0	0.0	616	5	0.0	0.0	0.0	0
373	1	223.68	125.594	253.589	130.832	Phone/Fax	0.0	0.33	0.0	0.0	0.0	680	9	0.0	0.0	0.0	0
374	1	447.96	123.434	480.948	128.672	Commission	0.0	0.36	0.0	0.0	0.0	83	10	0.0	0.0	0.0	0
375	1	504.36	123.768	539.376	130.554	$21,405.00	0.0	0.29	0.0	0.0	0.71	0	10	0.7	1.0	9.971427	0
376	1	28.199	132.768	39.272	141.21	Ste	0.0	0.29	0.0	0.0	0.0	344	3	0.0	0.0	0.0	0
377	1	41.28	132.768	53.55	141.21	555	0.0	0.27	0.0	0.0	0.4	0	3	1.0	1.0	6.3207684	0
378	1	223.68	137.594	234.203	142.832	CPE	0.0	0.15	0.0	0.0	0.0	411	3	0.0	0.0	0.0	0
379	1	289.68	138.288	325.648	145.074	11/27/1088	0.0	0.12	0.0	0.0	0.0	0	10	0.8	0.0	0.0	0
380	1	447.96	136.634	457.654	141.872	Net	0.0	0.21	0.0	0.0	0.0	14	3	0.0	0.0	0.0	0
381	1	459.247	136.634	473.122	141.872	Total	0.0	0.26	0.0	0.0	0.0	106	5	0.0	0.0	0.0	0
382	1	504.36	136.968	543.216	143.754	$121,295.00	0.0	0.29	0.0	0.0	0.56	0	11	0.72727275	1.0	11.705989	0
383	1	28.204	143.448	65.051	151.89	Alexandria,	0.0	0.39	0.0	0.0	0.0	220	11	0.0	0.0	0.0	0
384	1	80.996	143.448	101.426	151.89	22314	0.0	0.33	0.0	0.0	0.59	0	5	1.0	1.0	10.013015	0
385	1	223.682	149.594	245.726	154.832	Account	0.0	0.28	0.0	0.0	0.0	15	7	0.0	0.0	0.0	0
386	1	247.318	149.594	263.183	154.832	Types	0.0	0.26	0.0	0.0	0.0	596	5	0.0	0.0	0.0	0
387	1	289.68	149.928	340.362	156.714	National/Political	0.0	0.32	0.0	0.0	0.0	724	18	0.0	0.0	0.0	0
388	1	342.492	149.928	358.878	156.714	Issue	0.0	0.38	0.0	0.0	0.0	343	5	0.0	0.0	0.0	0
389	1	361.094	149.928	383.405	156.714	Agency	0.0	0.44	0.0	0.0	0.0	2	6	0.0	0.0	0.0	0
390	1	385.576	149.928	398.704	156.714	BRD	0.0	0.44	0.0	0.0	0.0	958	3	0.0	0.0	0.0	0
391	1	447.959	148.154	462.388	153.392	Sales	0.0	0.44	0.0	0.0	0.0	10	5	0.0	0.0	0.0	0
392	1	463.924	148.154	473.795	153.392	Tax	0.0	0.4	0.0	0.0	0.0	319	3	0.0	0.0	0.0	0
393	1	223.68	161.594	241.007	166.832	Billing	0.0	0.3	0.0	0.0	0.0	11	7	0.0	0.0	0.0	0
394	1	242.522	161.594	255.574	166.832	Type	0.0	0.35	0.0	0.0	0.0	45	4	0.0	0.0	0.0	0
395	1	289.68	161.928	317.055	168.714	Standard	0.0	0.69	0.0	0.0	0.0	414	8	0.0	0.0	0.0	0
396	1	223.68	173.354	252.75	178.592	Comments	0.0	0.82	0.0	0.0	0.0	361	8	0.0	0.0	0.0	0
397	1	289.682	173.466	314.153	179.316	American	0.0	1.0	0.0	0.0	0.0	258	8	0.0	0.0	0.0	advertiser
398	1	316.084	173.466	344.922	179.316	Crossroads	0.0	1.0	0.0	0.0	0.0	607	10	0.0	0.0	0.0	advertiser
399	1	289.682	180.666	318.54	186.516	AMERICAN	0.0	1.0	0.0	0.0	0.0	258	8	0.0	0.0	0.0	advertiser
400	1	320.411	180.666	357.612	186.516	CROSSROADS	0.0	1.0	0.0	0.0	0.0	607	10	0.0	0.0	0.0	advertiser
401	1	25.08	291.425	35.929	297.275	Line	0.0	0.9	0.0	0.0	0.0	89	4	0.0	0.0	0.0	0
402	1	54.6	291.425	65.449	297.275	Line	0.0	0.82	0.0	0.0	0.0	89	4	0.0	0.0	0.0	0
403	1	67.331	291.425	80.332	297.275	Type	0.0	0.5	0.0	0.0	0.0	45	4	0.0	0.0	0.0	0
404	1	86.411	291.425	101.279	297.275	Break	0.0	0.19	0.0	0.0	0.0	68	5	0.0	0.0	0.0	0
405	1	103.211	291.425	116.212	297.275	Type	0.0	0.19	0.0	0.0	0.0	45	4	0.0	0.0	0.0	0
406	1	118.21	291.425	129.243	297.275	(Ref	0.0	0.25	0.0	0.0	0.0	63	4	0.0	0.0	0.0	0
407	1	176.16	291.545	191.195	297.395	Dates	0.0	0.31	0.0	0.0	0.0	18	5	0.0	0.0	0.0	0
408	1	220.44	291.545	229.688	297.395	Sec	0.0	0.31	0.0	0.0	0.0	603	3	0.0	0.0	0.0	0
409	1	236.64	291.545	254.875	297.395	Length	0.0	0.29	0.0	0.0	0.0	56	6	0.0	0.0	0.0	0
410	1	284.4	291.305	294.838	297.155	Run	0.0	0.32	0.0	0.0	0.0	325	3	0.0	0.0	0.0	0
411	1	296.772	291.305	312.412	297.155	Times	0.0	0.36	0.0	0.0	0.0	538	5	0.0	0.0	0.0	0
412	1	339.36	291.425	351.499	297.275	SPW	0.0	0.36	0.0	0.0	0.0	468	3	0.0	0.0	0.0	0
413	1	453.722	291.785	468.402	297.635	Spots	0.0	0.32	0.0	0.0	0.0	4	5	0.0	0.0	0.0	0
414	1	485.279	291.785	497.322	297.635	Rate	0.0	0.32	0.0	0.0	0.0	13	4	0.0	0.0	0.0	0
415	1	536.282	291.785	549.534	297.635	Total	0.0	0.31	0.0	0.0	0.0	106	5	0.0	0.0	0.0	0
416	1	610.079	291.785	628.551	297.635	Station	0.0	0.31	0.0	0.0	0.0	57	7	0.0	0.0	0.0	0
417	1	690.479	291.785	718.602	297.635	Comments	0.0	0.31	0.0	0.0	0.0	361	8	0.0	0.0	0.0	0
418	1	747.599	291.785	768.076	297.635	Entered	0.0	0.25	0.0	0.0	0.0	598	7	0.0	0.0	0.0	0
419	1	31.799	303.906	63.773	309.756	12.0Normal	0.0	0.22	0.0	0.0	0.0	461	10	0.3	0.0	0.0	0
420	1	65.642	303.906	76.492	309.756	Line	0.0	0.22	0.0	0.0	0.0	89	4	0.0	0.0	0.0	0
421	1	82.572	303.906	96.767	309.756	News	0.0	0.22	0.0	0.0	0.0	17	4	0.0	0.0	0.0	0
422	1	149.159	303.905	199.479	309.755	10/15/12-10/15/12	0.0	0.14	0.0	0.0	0.0	0	17	0.7058824	0.0	0.0	0
423	1	250.08	303.905	278.066	309.756	:306:30A-	0.0	0.18	0.0	0.0	0.0	16	9	0.5555556	0.0	0.0	0
424	1	288.731	303.905	303.514	309.755	(EST)	0.0	0.24	0.0	0.0	0.0	395	5	0.0	0.0	0.0	0
425	1	485.639	303.786	511.968	309.636	$3,000.00	0.0	0.22	0.0	0.0	0.62	0	9	0.6666667	1.0	8.0067005	0
426	1	545.88	303.786	597.29	309.756	$3,000.00Asheville	0.0	0.26	0.0	0.0	0.0	2054	18	0.33333334	0.0	0.0	0
427	1	599.169	303.906	619.718	309.756	(WLOS)	0.0	0.26	0.0	0.0	0.0	1973	6	0.0	0.0	0.0	0
428	1	666.72	303.906	682.786	309.756	NEWS	0.0	0.26	0.0	0.0	0.0	17	4	0.0	0.0	0.0	0
429	1	693.127	303.906	706.31	309.756	THIS	0.0	0.28	0.0	0.0	0.0	82	4	0.0	0.0	0.0	0
430	1	708.244	303.906	735.056	309.756	MORNING	0.0	0.32	0.0	0.0	0.0	152	7	0.0	0.0	0.0	0
431	1	743.76	303.906	764.56	309.756	10/5/12	0.0	0.25	0.0	0.0	0.0	0	7	0.71428573	0.0	0.0	0
432	1	31.799	316.026	63.773	321.876	13.0Normal	0.0	0.22	0.0	0.0	0.0	461	10	0.3	0.0	0.0	0
433	1	65.642	316.026	76.492	321.876	Line	0.0	0.22	0.0	0.0	0.0	89	4	0.0	0.0	0.0	0
434	1	82.572	316.026	96.767	321.876	News	0.0	0.22	0.0	0.0	0.0	17	4	0.0	0.0	0.0	0
435	1	149.16	316.026	199.479	321.876	10/11/12-10/11/12	0.0	0.14	0.0	0.0	0.0	0	17	0.7058824	0.0	0.0	0
436	1	250.08	316.026	269.423	321.876	:307A-	0.0	0.19	0.0	0.0	0.0	16	6	0.5	0.0	0.0	0
437	1	280.088	316.026	294.87	321.876	(EST)	0.0	0.24	0.0	0.0	0.0	395	5	0.0	0.0	0.0	0
438	1	485.639	315.906	511.968	321.756	$3,000.00	0.0	0.22	0.0	0.0	0.62	0	9	0.6666667	1.0	8.0067005	0
439	1	545.88	315.906	597.29	321.876	$3,000.00Asheville	0.0	0.26	0.0	0.0	0.0	2054	18	0.33333334	0.0	0.0	0
440	1	599.169	316.026	619.718	321.876	(WLOS)	0.0	0.26	0.0	0.0	0.0	1973	6	0.0	0.0	0.0	0
441	1	666.72	316.026	682.786	321.876	NEWS	0.0	0.26	0.0	0.0	0.0	17	4	0.0	0.0	0.0	0
442	1	693.127	316.026	706.31	321.876	THIS	0.0	0.28	0.0	0.0	0.0	82	4	0.0	0.0	0.0	0
443	1	708.244	316.026	735.056	321.876	MORNING	0.0	0.32	0.0	0.0	0.0	152	7	0.0	0.0	0.0	0
444	1	743.76	316.026	764.56	321.876	10/5/12	0.0	0.25	0.0	0.0	0.0	0	7	0.71428573	0.0	0.0	0
445	1	31.799	328.146	63.773	333.996	14.0Normal	0.0	0.22	0.0	0.0	0.0	461	10	0.3	0.0	0.0	0
446	1	65.642	328.146	76.492	333.996	Line	0.0	0.22	0.0	0.0	0.0	89	4	0.0	0.0	0.0	0
447	1	82.572	328.146	96.767	333.996	News	0.0	0.22	0.0	0.0	0.0	17	4	0.0	0.0	0.0	0
448	1	149.16	328.146	199.479	333.996	10/12/12-10/12/12	0.0	0.14	0.0	0.0	0.0	0	17	0.7058824	0.0	0.0	0
449	1	250.08	328.146	269.423	333.996	:307A-	0.0	0.19	0.0	0.0	0.0	16	6	0.5	0.0	0.0	0
450	1	280.088	328.146	294.87	333.996	(EST)	0.0	0.24	0.0	0.0	0.0	395	5	0.0	0.0	0.0	0
451	1	485.639	328.026	511.968	333.876	$3,000.00	0.0	0.22	0.0	0.0	0.62	0	9	0.6666667	1.0	8.0067005	0
452	1	545.88	328.026	597.29	333.996	$3,000.00Asheville	0.0	0.26	0.0	0.0	0.0	2054	18	0.33333334	0.0	0.0	0
453	1	599.169	328.146	619.718	333.996	(WLOS)	0.0	0.26	0.0	0.0	0.0	1973	6	0.0	0.0	0.0	0
454	1	666.72	328.146	682.786	333.996	NEWS	0.0	0.26	0.0	0.0	0.0	17	4	0.0	0.0	0.0	0
455	1	693.127	328.146	706.31	333.996	THIS	0.0	0.28	0.0	0.0	0.0	82	4	0.0	0.0	0.0	0
456	1	708.244	328.146	735.056	333.996	MORNING	0.0	0.32	0.0	0.0	0.0	152	7	0.0	0.0	0.0	0
457	1	743.76	328.146	764.56	333.996	10/5/12	0.0	0.25	0.0	0.0	0.0	0	7	0.71428573	0.0	0.0	0
458	1	31.799	340.266	63.773	346.116	15.0Normal	0.0	0.22	0.0	0.0	0.0	461	10	0.3	0.0	0.0	0
459	1	65.642	340.266	76.492	346.116	Line	0.0	0.22	0.0	0.0	0.0	89	4	0.0	0.0	0.0	0
460	1	82.572	340.266	96.767	346.116	News	0.0	0.22	0.0	0.0	0.0	17	4	0.0	0.0	0.0	0
461	1	149.16	340.266	199.479	346.116	10/15/12-10/15/12	0.0	0.14	0.0	0.0	0.0	0	17	0.7058824	0.0	0.0	0
462	1	250.08	340.266	269.423	346.116	:307A-	0.0	0.19	0.0	0.0	0.0	16	6	0.5	0.0	0.0	0
463	1	280.088	340.266	294.87	346.116	(EST)	0.0	0.24	0.0	0.0	0.0	395	5	0.0	0.0	0.0	0
464	1	485.639	340.146	511.968	345.996	$3,000.00	0.0	0.22	0.0	0.0	0.62	0	9	0.6666667	1.0	8.0067005	0
465	1	545.88	340.146	597.29	346.116	$3,000.00Asheville	0.0	0.26	0.0	0.0	0.0	2054	18	0.33333334	0.0	0.0	0
466	1	599.169	340.266	619.718	346.116	(WLOS)	0.0	0.26	0.0	0.0	0.0	1973	6	0.0	0.0	0.0	0
467	1	666.72	340.266	682.786	346.116	NEWS	0.0	0.26	0.0	0.0	0.0	17	4	0.0	0.0	0.0	0
468	1	693.127	340.266	706.31	346.116	THIS	0.0	0.28	0.0	0.0	0.0	82	4	0.0	0.0	0.0	0
469	1	708.244	340.266	735.056	346.116	MORNING	0.0	0.32	0.0	0.0	0.0	152	7	0.0	0.0	0.0	0
470	1	743.76	340.266	764.56	346.116	10/5/12	0.0	0.25	0.0	0.0	0.0	0	7	0.71428573	0.0	0.0	0
471	1	31.799	352.266	63.773	358.116	16.0Normal	0.0	0.22	0.0	0.0	0.0	461	10	0.3	0.0	0.0	0
472	1	65.642	352.266	76.492	358.116	Line	0.0	0.22	0.0	0.0	0.0	89	4	0.0	0.0	0.0	0
473	1	82.572	352.266	96.767	358.116	News	0.0	0.22	0.0	0.0	0.0	17	4	0.0	0.0	0.0	0
474	1	149.16	352.266	199.479	358.116	10/09/12-10/09/12	0.0	0.14	0.0	0.0	0.0	0	17	0.7058824	0.0	0.0	0
475	1	250.08	352.266	269.423	358.116	:308A-	0.0	0.19	0.0	0.0	0.0	16	6	0.5	0.0	0.0	0
476	1	280.088	352.266	294.87	358.116	(EST)	0.0	0.24	0.0	0.0	0.0	395	5	0.0	0.0	0.0	0
477	1	485.639	352.266	511.968	358.116	$2,500.00	0.0	0.22	0.0	0.0	0.75	0	9	0.6666667	1.0	7.8244457	0
478	1	545.88	352.266	597.29	358.116	$2,500.00Asheville	0.0	0.26	0.0	0.0	0.0	2054	18	0.33333334	0.0	0.0	0
479	1	599.169	352.266	619.718	358.116	(WLOS)	0.0	0.26	0.0	0.0	0.0	1973	6	0.0	0.0	0.0	0
480	1	666.72	352.266	682.786	358.116	NEWS	0.0	0.26	0.0	0.0	0.0	17	4	0.0	0.0	0.0	0
481	1	693.127	352.266	706.31	358.116	THIS	0.0	0.28	0.0	0.0	0.0	82	4	0.0	0.0	0.0	0
482	1	708.244	352.266	735.056	358.116	MORNING	0.0	0.32	0.0	0.0	0.0	152	7	0.0	0.0	0.0	0
483	1	743.76	352.266	764.56	358.116	10/5/12	0.0	0.25	0.0	0.0	0.0	0	7	0.71428573	0.0	0.0	0
484	1	31.799	364.386	63.773	370.236	17.0Normal	0.0	0.22	0.0	0.0	0.0	461	10	0.3	0.0	0.0	0
485	1	65.642	364.386	76.492	370.236	Line	0.0	0.22	0.0	0.0	0.0	89	4	0.0	0.0	0.0	0
486	1	82.572	364.386	96.767	370.236	News	0.0	0.22	0.0	0.0	0.0	17	4	0.0	0.0	0.0	0
487	1	149.16	364.386	199.479	370.236	10/11/12-10/11/12	0.0	0.14	0.0	0.0	0.0	0	17	0.7058824	0.0	0.0	0
488	1	250.08	364.386	269.423	370.236	:308A-	0.0	0.19	0.0	0.0	0.0	16	6	0.5	0.0	0.0	0
489	1	280.088	364.386	294.87	370.236	(EST)	0.0	0.24	0.0	0.0	0.0	395	5	0.0	0.0	0.0	0
490	1	485.639	364.266	511.968	370.116	$2,500.00	0.0	0.22	0.0	0.0	0.75	0	9	0.6666667	1.0	7.8244457	0
491	1	545.88	364.266	597.29	370.236	$2,500.00Asheville	0.0	0.26	0.0	0.0	0.0	2054	18	0.33333334	0.0	0.0	0
492	1	599.169	364.386	619.718	370.236	(WLOS)	0.0	0.26	0.0	0.0	0.0	1973	6	0.0	0.0	0.0	0
493	1	666.72	364.386	682.786	370.236	NEWS	0.0	0.26	0.0	0.0	0.0	17	4	0.0	0.0	0.0	0
494	1	693.127	364.386	706.31	370.236	THIS	0.0	0.28	0.0	0.0	0.0	82	4	0.0	0.0	0.0	0
495	1	708.244	364.386	735.056	370.236	MORNING	0.0	0.32	0.0	0.0	0.0	152	7	0.0	0.0	0.0	0
496	1	743.76	364.386	764.56	370.236	10/5/12	0.0	0.25	0.0	0.0	0.0	0	7	0.71428573	0.0	0.0	0
497	1	31.799	376.506	63.773	382.356	18.0Normal	0.0	0.22	0.0	0.0	0.0	461	10	0.3	0.0	0.0	0
498	1	65.642	376.506	76.492	382.356	Line	0.0	0.22	0.0	0.0	0.0	89	4	0.0	0.0	0.0	0
499	1	82.572	376.506	96.767	382.356	News	0.0	0.22	0.0	0.0	0.0	17	4	0.0	0.0	0.0	0
500	1	149.16	376.506	199.479	382.356	10/15/12-10/15/12	0.0	0.14	0.0	0.0	0.0	0	17	0.7058824	0.0	0.0	0
501	1	250.08	376.506	269.423	382.356	:308A-	0.0	0.19	0.0	0.0	0.0	16	6	0.5	0.0	0.0	0
502	1	280.088	376.506	294.87	382.356	(EST)	0.0	0.24	0.0	0.0	0.0	395	5	0.0	0.0	0.0	0
503	1	485.639	376.386	511.968	382.236	$2,500.00	0.0	0.22	0.0	0.0	0.75	0	9	0.6666667	1.0	7.8244457	0
504	1	545.88	376.386	597.29	382.356	$2,500.00Asheville	0.0	0.26	0.0	0.0	0.0	2054	18	0.33333334	0.0	0.0	0
505	1	599.169	376.506	619.718	382.356	(WLOS)	0.0	0.26	0.0	0.0	0.0	1973	6	0.0	0.0	0.0	0
506	1	666.72	376.506	682.786	382.356	NEWS	0.0	0.26	0.0	0.0	0.0	17	4	0.0	0.0	0.0	0
507	1	693.127	376.506	706.31	382.356	THIS	0.0	0.28	0.0	0.0	0.0	82	4	0.0	0.0	0.0	0
508	1	708.244	376.506	735.056	382.356	MORNING	0.0	0.32	0.0	0.0	0.0	152	7	0.0	0.0	0.0	0
509	1	743.76	376.506	764.56	382.356	10/5/12	0.0	0.25	0.0	0.0	0.0	0	7	0.71428573	0.0	0.0	0
510	1	31.799	388.626	63.773	394.476	19.0Normal	0.0	0.16	0.0	0.0	0.0	461	10	0.3	0.0	0.0	0
511	1	65.642	388.626	76.492	394.476	Line	0.0	0.16	0.0	0.0	0.0	89	4	0.0	0.0	0.0	0
512	1	82.572	388.626	97.006	394.476	SPOT	0.0	0.16	0.0	0.0	0.0	133	4	0.0	0.0	0.0	0
513	1	149.16	388.626	199.479	394.476	10/09/12-10/09/12	0.0	0.16	0.0	0.0	0.0	0	17	0.7058824	0.0	0.0	0
514	1	250.08	388.626	269.423	394.476	:309A-	0.0	0.25	0.0	0.0	0.0	16	6	0.5	0.0	0.0	0
515	1	271.325	388.626	296.157	394.476	Anderson	0.0	0.31	0.0	0.0	0.0	666	8	0.0	0.0	0.0	0
516	1	490.679	388.506	511.966	394.356	$600.00	0.0	0.21	0.0	0.0	0.67	0	7	0.71428573	1.0	6.398595	0
517	1	550.92	388.506	597.29	394.476	$600.00Asheville	0.0	0.25	0.0	0.0	0.0	2054	16	0.3125	0.0	0.0	0
518	1	599.169	388.626	619.718	394.476	(WLOS)	0.0	0.32	0.0	0.0	0.0	1973	6	0.0	0.0	0.0	0
519	1	666.722	388.626	697.011	394.476	ANDERSON	0.0	0.38	0.0	0.0	0.0	666	8	0.0	0.0	0.0	0
520	1	698.881	388.626	721.341	394.476	COOPER	0.0	0.38	0.0	0.0	0.0	1120	6	0.0	0.0	0.0	0
521	1	743.76	388.626	764.56	394.476	10/5/12	0.0	0.37	0.0	0.0	0.0	0	7	0.71428573	0.0	0.0	0
522	1	31.799	400.746	63.773	406.596	20.0Normal	0.0	0.37	0.0	0.0	0.0	461	10	0.3	0.0	0.0	0
523	1	65.642	400.746	76.492	406.596	Line	0.0	0.18	0.0	0.0	0.0	89	4	0.0	0.0	0.0	0
524	1	82.572	400.746	97.006	406.596	SPOT	0.0	0.16	0.0	0.0	0.0	133	4	0.0	0.0	0.0	0
525	1	149.16	400.746	199.479	406.596	10/10/12-10/10/12	0.0	0.16	0.0	0.0	0.0	0	17	0.7058824	0.0	0.0	0
526	1	250.08	400.746	269.423	406.596	:309A-	0.0	0.25	0.0	0.0	0.0	16	6	0.5	0.0	0.0	0
527	1	271.325	400.746	296.157	406.596	Anderson	0.0	0.31	0.0	0.0	0.0	666	8	0.0	0.0	0.0	0
528	1	490.679	400.626	511.966	406.476	$600.00	0.0	0.21	0.0	0.0	0.67	0	7	0.71428573	1.0	6.398595	0
529	1	550.92	400.626	597.29	406.596	$600.00Asheville	0.0	0.25	0.0	0.0	0.0	2054	16	0.3125	0.0	0.0	0
530	1	599.169	400.746	619.718	406.596	(WLOS)	0.0	0.32	0.0	0.0	0.0	1973	6	0.0	0.0	0.0	0
531	1	666.722	400.746	697.011	406.596	ANDERSON	0.0	0.38	0.0	0.0	0.0	666	8	0.0	0.0	0.0	0
532	1	698.881	400.746	721.341	406.596	COOPER	0.0	0.38	0.0	0.0	0.0	1120	6	0.0	0.0	0.0	0
533	1	743.76	400.746	764.56	406.596	10/5/12	0.0	0.37	0.0	0.0	0.0	0	7	0.71428573	0.0	0.0	0
534	1	31.799	412.866	63.773	418.716	21.0Normal	0.0	0.37	0.0	0.0	0.0	461	10	0.3	0.0	0.0	0
535	1	65.642	412.866	76.492	418.716	Line	0.0	0.18	0.0	0.0	0.0	89	4	0.0	0.0	0.0	0
536	1	82.572	412.866	97.006	418.716	SPOT	0.0	0.16	0.0	0.0	0.0	133	4	0.0	0.0	0.0	0
537	1	149.16	412.866	199.479	418.716	10/11/12-10/11/12	0.0	0.16	0.0	0.0	0.0	0	17	0.7058824	0.0	0.0	0
538	1	250.08	412.866	269.423	418.716	:309A-	0.0	0.25	0.0	0.0	0.0	16	6	0.5	0.0	0.0	0
539	1	271.325	412.866	296.157	418.716	Anderson	0.0	0.31	0.0	0.0	0.0	666	8	0.0	0.0	0.0	0
540	1	490.679	412.746	511.966	418.596	$600.00	0.0	0.21	0.0	0.0	0.67	0	7	0.71428573	1.0	6.398595	0
541	1	550.92	412.746	597.29	418.716	$600.00Asheville	0.0	0.25	0.0	0.0	0.0	2054	16	0.3125	0.0	0.0	0
542	1	599.169	412.866	619.718	418.716	(WLOS)	0.0	0.32	0.0	0.0	0.0	1973	6	0.0	0.0	0.0	0
543	1	666.722	412.866	697.011	418.716	ANDERSON	0.0	0.38	0.0	0.0	0.0	666	8	0.0	0.0	0.0	0
544	1	698.881	412.866	721.341	418.716	COOPER	0.0	0.38	0.0	0.0	0.0	1120	6	0.0	0.0	0.0	0
545	1	743.76	412.866	764.56	418.716	10/5/12	0.0	0.37	0.0	0.0	0.0	0	7	0.71428573	0.0	0.0	0
546	1	31.799	424.866	63.773	430.716	22.0Normal	0.0	0.37	0.0	0.0	0.0	461	10	0.3	0.0	0.0	0
547	1	65.642	424.866	76.492	430.716	Line	0.0	0.18	0.0	0.0	0.0	89	4	0.0	0.0	0.0	0
548	1	82.572	424.866	97.006	430.716	SPOT	0.0	0.16	0.0	0.0	0.0	133	4	0.0	0.0	0.0	0
549	1	149.16	424.866	199.479	430.716	10/12/12-10/12/12	0.0	0.16	0.0	0.0	0.0	0	17	0.7058824	0.0	0.0	0
550	1	250.08	424.866	269.423	430.716	:309A-	0.0	0.25	0.0	0.0	0.0	16	6	0.5	0.0	0.0	0
551	1	271.325	424.866	296.157	430.716	Anderson	0.0	0.31	0.0	0.0	0.0	666	8	0.0	0.0	0.0	0
552	1	490.679	424.866	511.966	430.716	$600.00	0.0	0.21	0.0	0.0	0.67	0	7	0.71428573	1.0	6.398595	0
553	1	550.92	424.866	597.29	430.716	$600.00Asheville	0.0	0.25	0.0	0.0	0.0	2054	16	0.3125	0.0	0.0	0
554	1	599.169	424.866	619.718	430.716	(WLOS)	0.0	0.32	0.0	0.0	0.0	1973	6	0.0	0.0	0.0	0
555	1	666.722	424.866	697.011	430.716	ANDERSON	0.0	0.38	0.0	0.0	0.0	666	8	0.0	0.0	0.0	0
556	1	698.881	424.866	721.341	430.716	COOPER	0.0	0.38	0.0	0.0	0.0	1120	6	0.0	0.0	0.0	0
557	1	743.76	424.866	764.56	430.716	10/5/12	0.0	0.37	0.0	0.0	0.0	0	7	0.71428573	0.0	0.0	0
558	1	31.799	436.986	63.773	442.836	23.0Normal	0.0	0.37	0.0	0.0	0.0	461	10	0.3	0.0	0.0	0
559	1	65.642	436.986	76.492	442.836	Line	0.0	0.18	0.0	0.0	0.0	89	4	0.0	0.0	0.0	0
560	1	82.572	436.986	97.006	442.836	SPOT	0.0	0.16	0.0	0.0	0.0	133	4	0.0	0.0	0.0	0
561	1	149.16	436.986	199.479	442.836	10/15/12-10/15/12	0.0	0.16	0.0	0.0	0.0	0	17	0.7058824	0.0	0.0	0
562	1	250.08	436.986	269.423	442.836	:309A-	0.0	0.25	0.0	0.0	0.0	16	6	0.5	0.0	0.0	0
563	1	271.325	436.986	296.157	442.836	Anderson	0.0	0.31	0.0	0.0	0.0	666	8	0.0	0.0	0.0	0
564	1	490.679	436.866	511.966	442.716	$600.00	0.0	0.21	0.0	0.0	0.67	0	7	0.71428573	1.0	6.398595	0
565	1	550.92	436.866	597.29	442.836	$600.00Asheville	0.0	0.25	0.0	0.0	0.0	2054	16	0.3125	0.0	0.0	0
566	1	599.169	436.986	619.718	442.836	(WLOS)	0.0	0.32	0.0	0.0	0.0	1973	6	0.0	0.0	0.0	0
567	1	666.722	436.986	697.011	442.836	ANDERSON	0.0	0.38	0.0	0.0	0.0	666	8	0.0	0.0	0.0	0
568	1	698.881	436.986	721.341	442.836	COOPER	0.0	0.38	0.0	0.0	0.0	1120	6	0.0	0.0	0.0	0
569	1	743.76	436.986	764.56	442.836	10/5/12	0.0	0.37	0.0	0.0	0.0	0	7	0.71428573	0.0	0.0	0
570	1	31.799	449.106	63.773	454.956	24.0Normal	0.0	0.37	0.0	0.0	0.0	461	10	0.3	0.0	0.0	0
571	1	65.642	449.106	76.492	454.956	Line	0.0	0.18	0.0	0.0	0.0	89	4	0.0	0.0	0.0	0
572	1	82.572	449.106	97.006	454.956	SPOT	0.0	0.16	0.0	0.0	0.0	133	4	0.0	0.0	0.0	0
573	1	149.16	449.106	199.479	454.956	10/09/12-10/09/12	0.0	0.12	0.0	0.0	0.0	0	17	0.7058824	0.0	0.0	0
574	1	250.08	449.106	272.663	454.956	:3010A-	0.0	0.28	0.0	0.0	0.0	16	7	0.5714286	0.0	0.0	0
575	1	274.563	449.106	290.88	454.956	Maury	0.0	0.28	0.0	0.0	0.0	2732	5	0.0	0.0	0.0	0
576	1	292.809	449.106	309.842	454.956	Povich	0.0	0.28	0.0	0.0	0.0	2939	6	0.0	0.0	0.0	0
577	1	490.679	448.986	511.966	454.836	$600.00	0.0	0.23	0.0	0.0	0.67	0	7	0.71428573	1.0	6.398595	0
578	1	550.92	448.986	597.29	454.956	$600.00Asheville	0.0	0.27	0.0	0.0	0.0	2054	16	0.3125	0.0	0.0	0
579	1	599.169	449.106	619.718	454.956	(WLOS)	0.0	0.27	0.0	0.0	0.0	1973	6	0.0	0.0	0.0	0
580	1	666.72	449.106	686.154	454.956	MAURY	0.0	0.28	0.0	0.0	0.0	2732	5	0.0	0.0	0.0	0
581	1	688.091	449.106	709.194	454.956	POVICH	0.0	0.28	0.0	0.0	0.0	2939	6	0.0	0.0	0.0	0
582	1	743.76	449.106	764.56	454.956	10/5/12	0.0	0.22	0.0	0.0	0.0	0	7	0.71428573	0.0	0.0	0
583	1	31.799	461.226	63.773	467.076	25.0Normal	0.0	0.22	0.0	0.0	0.0	461	10	0.3	0.0	0.0	0
584	1	65.642	461.226	76.492	467.076	Line	0.0	0.18	0.0	0.0	0.0	89	4	0.0	0.0	0.0	0
585	1	82.572	461.226	97.006	467.076	SPOT	0.0	0.16	0.0	0.0	0.0	133	4	0.0	0.0	0.0	0
586	1	149.16	461.226	199.479	467.076	10/10/12-10/10/12	0.0	0.12	0.0	0.0	0.0	0	17	0.7058824	0.0	0.0	0
587	1	250.08	461.226	272.663	467.076	:3010A-	0.0	0.28	0.0	0.0	0.0	16	7	0.5714286	0.0	0.0	0
588	1	274.563	461.226	290.88	467.076	Maury	0.0	0.28	0.0	0.0	0.0	2732	5	0.0	0.0	0.0	0
589	1	292.809	461.226	309.842	467.076	Povich	0.0	0.28	0.0	0.0	0.0	2939	6	0.0	0.0	0.0	0
590	1	490.679	461.106	511.966	466.956	$600.00	0.0	0.23	0.0	0.0	0.67	0	7	0.71428573	1.0	6.398595	0
591	1	550.92	461.106	597.29	467.076	$600.00Asheville	0.0	0.27	0.0	0.0	0.0	2054	16	0.3125	0.0	0.0	0
592	1	599.169	461.226	619.718	467.076	(WLOS)	0.0	0.27	0.0	0.0	0.0	1973	6	0.0	0.0	0.0	0
593	1	666.72	461.226	686.154	467.076	MAURY	0.0	0.28	0.0	0.0	0.0	2732	5	0.0	0.0	0.0	0
594	1	688.091	461.226	709.194	467.076	POVICH	0.0	0.28	0.0	0.0	0.0	2939	6	0.0	0.0	0.0	0
595	1	743.76	461.226	764.56	467.076	10/5/12	0.0	0.27	0.0	0.0	0.0	0	7	0.71428573	0.0	0.0	0
596	1	309.36	475.703	405.715	485.33	CONFIRMATION	0.0	0.32	0.0	0.0	0.0	342	12	0.0	0.0	0.0	0
597	1	409.2	475.703	479.314	485.33	CONTRACT	0.0	0.32	0.0	0.0	0.0	53	8	0.0	0.0	0.0	0
598	1	18.243	491.789	99.078	497.99	Accepted-Agency/Advertiser:	0.0	0.22	0.0	0.0	0.0	746	27	0.0	0.0	0.0	0
599	1	236.399	491.789	251.849	497.99	Date:	0.0	0.22	0.0	0.0	0.0	8	5	0.0	0.0	0.0	0
600	1	302.399	491.789	352.162	497.99	Accepted-Station:	0.0	0.23	0.0	0.0	0.0	731	17	0.0	0.0	0.0	0
601	1	476.399	490.949	491.849	497.15	Date:	0.0	0.33	0.0	0.0	0.0	8	5	0.0	0.0	0.0	0
602	1	533.156	490.949	565.532	497.15	Comments:	0.0	0.33	0.0	0.0	0.0	361	9	0.0	0.0	0.0	0
603	1	14.399	575.789	24.09	581.99	B/E	0.0	0.33	0.0	0.0	0.0	124	3	0.0	0.0	0.0	0
604	1	26.158	575.789	50.44	581.99	Bookend	0.0	0.33	0.0	0.0	0.0	669	7	0.0	0.0	0.0	0
605	1	56.527	575.789	66.157	581.99	P/B	0.0	0.3	0.0	0.0	0.0	629	3	0.0	0.0	0.0	0
606	1	68.164	575.789	83.222	581.99	Piggy	0.0	0.15	0.0	0.0	0.0	694	5	0.0	0.0	0.0	0
607	1	85.212	575.789	98.341	581.99	Back	0.0	0.21	0.0	0.0	0.0	665	4	0.0	0.0	0.0	0
608	1	740.04	581.928	754.988	588.714	Page	0.0	0.24	0.0	0.0	0.0	7	4	0.0	0.0	0.0	0
609	1	14.399	588.177	39.25	596.016	Printed	0.0	0.32	0.0	0.0	0.0	159	7	0.0	0.0	0.0	0
610	1	41.765	588.177	52.052	596.016	At:	0.0	0.21	0.0	0.0	0.0	74	3	0.0	0.0	0.0	0
611	1	54.609	588.177	75.213	596.016	12:13	0.0	0.2	0.0	0.0	0.0	0	5	0.8	0.0	0.0	0
612	1	102.278	588.177	134.235	596.016	Tuesday,	0.0	0.18	0.0	0.0	0.0	354	8	0.0	0.0	0.0	0
613	1	136.721	588.177	164.577	596.016	October	0.0	0.26	0.0	0.0	0.0	191	7	0.0	0.0	0.0	0
614	1	176.567	588.177	194.287	596.016	2012	0.0	0.26	0.0	0.0	0.62	0	4	1.0	1.0	7.6073813	0
615	2	223.68	16.51	266.592	26.171	Contract	0.0	0.26	0.0	0.0	0.0	53	8	0.0	0.0	0.0	0
616	2	289.68	16.765	339.224	27.474	1389462	0.0	0.22	0.0	0.0	0.63	0	7	1.0	1.0	14.144428	0
617	2	447.96	18.674	460.776	23.912	Date	0.0	0.28	0.0	0.0	0.0	8	4	0.0	0.0	0.0	0
618	2	462.364	18.674	483.772	23.912	Entered	0.0	0.28	0.0	0.0	0.0	598	7	0.0	0.0	0.0	0
619	2	503.76	19.007	532.046	25.793	10/05/12	0.0	0.29	0.0	0.0	0.0	0	8	0.75	0.0	0.0	0
620	2	608.283	17.842	639.915	24.593	Asheville	0.0	0.35	0.0	0.0	0.0	2054	9	0.0	0.0	0.0	0
621	2	641.895	17.842	669.178	24.593	(WLOS)	0.0	0.35	0.0	0.0	0.0	1973	6	0.0	0.0	0.0	0
622	2	223.68	29.594	248.489	34.832	Schedule	0.0	0.35	0.0	0.0	0.0	387	8	0.0	0.0	0.0	0
623	2	250.077	29.594	265.707	34.832	Dates	0.0	0.35	0.0	0.0	0.0	18	5	0.0	0.0	0.0	0
624	2	289.68	29.927	348.804	36.713	10/09/12-10/15/12	0.0	0.19	0.0	0.0	0.0	0	17	0.7058824	0.0	0.0	0
625	2	447.96	30.194	459.333	35.432	Last	0.0	0.27	0.0	0.0	0.0	330	4	0.0	0.0	0.0	0
626	2	460.925	30.194	484.486	35.432	Modified	0.0	0.31	0.0	0.0	0.0	645	8	0.0	0.0	0.0	0
627	2	503.76	30.527	532.046	37.313	10/05/12	0.0	0.31	0.0	0.0	0.0	0	8	0.75	0.0	0.0	0
628	2	618.0	27.407	648.163	34.193	Broadcast	0.0	0.37	0.0	0.0	0.0	41	9	0.0	0.0	0.0	0
629	2	650.274	27.407	669.528	34.193	Month	0.0	0.38	0.0	0.0	0.0	52	5	0.0	0.0	0.0	0
630	2	678.6	27.3	696.519	33.47	Spots	0.0	0.38	0.0	0.0	0.0	4	5	0.0	0.0	0.0	0
631	2	747.12	27.3	761.949	33.47	Rate	0.0	0.38	0.0	0.0	0.0	13	4	0.0	0.0	0.0	0
632	2	608.28	37.367	620.83	44.153	Oct.	0.0	0.33	0.0	0.0	0.0	464	4	0.0	0.0	0.0	0
633	2	625.206	37.367	640.535	44.153	2012	0.0	0.23	0.0	0.0	0.62	0	4	1.0	1.0	7.6073813	0
634	2	720.361	37.367	759.218	44.153	$142,700.00	0.0	0.19	0.0	0.0	1.0	0	11	0.72727275	1.0	11.868506	gross_amount
635	2	115.44	43.367	137.171	51.809	WLOS	0.0	0.33	0.0	0.0	0.0	1973	4	0.0	0.0	0.0	0
636	2	139.204	43.367	168.865	51.809	Asheville	0.0	0.65	0.0	0.0	0.0	2054	9	0.0	0.0	0.0	0
637	2	223.682	40.775	254.862	46.595	Advertiser	0.0	0.78	0.0	0.0	0.0	6	10	0.0	0.0	0.0	0
638	2	289.683	41.208	318.291	47.994	American	0.0	1.0	0.0	0.0	0.0	258	8	0.0	0.0	0.0	advertiser
639	2	320.406	41.208	354.113	47.994	Crossroads	0.0	1.0	0.0	0.0	0.0	607	10	0.0	0.0	0.0	advertiser
640	2	356.284	41.208	380.8	47.994	(41509)	0.0	0.84	0.0	0.0	0.0	0	7	0.71428573	0.0	0.0	0
641	2	447.96	41.834	469.368	47.072	Entered	0.0	0.72	0.0	0.0	0.0	598	7	0.0	0.0	0.0	0
642	2	503.76	40.487	523.275	47.273	Louise	0.0	0.37	0.0	0.0	0.0	2342	6	0.0	0.0	0.0	0
643	2	525.488	40.487	546.599	47.273	Palmer	0.0	0.43	0.0	0.0	0.0	2399	6	0.0	0.0	0.0	0
644	2	115.44	53.927	127.711	62.369	110	0.0	0.43	0.0	0.0	0.67	0	3	1.0	1.0	4.7095304	0
645	2	129.718	53.927	167.85	62.369	Technology	0.0	0.57	0.0	0.0	0.0	1861	10	0.0	0.0	0.0	0
646	2	223.682	53.015	245.503	58.835	Agency	0.0	0.76	0.0	0.0	0.0	2	6	0.0	0.0	0.0	0
647	2	289.68	53.928	323.387	60.714	Crossroads	0.0	0.76	0.0	0.0	0.0	607	10	0.0	0.0	0.0	0
648	2	325.558	53.928	378.193	60.714	Media-Alexandria	0.0	0.52	0.0	0.0	0.0	6096	16	0.0	0.0	0.0	0
649	2	380.296	53.928	400.971	60.714	(2097)	0.0	0.46	0.0	0.0	0.0	0	6	0.6666667	0.0	0.0	0
650	2	447.96	53.354	465.79	58.592	CO-OP	0.0	0.36	0.0	0.0	0.0	675	5	0.0	0.0	0.0	0
651	2	608.28	49.109	625.241	55.31	Grand	0.0	0.35	0.0	0.0	0.0	503	5	0.0	0.0	0.0	0
652	2	627.246	49.109	643.659	55.31	Total:	0.0	0.34	0.0	0.0	0.0	106	6	0.0	0.0	0.0	0
653	2	720.36	50.687	759.216	57.473	$142,700.00	0.0	0.24	0.0	0.0	1.0	0	11	0.72727275	1.0	11.868506	gross_amount
654	2	115.444	64.607	147.129	73.049	Asheville,	0.0	0.38	0.0	0.0	0.0	2054	10	0.0	0.0	0.0	0
655	2	163.796	64.607	184.226	73.049	28803	0.0	0.38	0.0	0.0	0.59	0	5	1.0	1.0	10.26827	0
656	2	223.68	65.594	245.006	70.832	Product	0.0	0.38	0.0	0.0	0.0	5	7	0.0	0.0	0.0	0
657	2	289.68	65.927	323.162	72.713	POLITICAL	0.0	0.28	0.0	0.0	0.0	160	9	0.0	0.0	0.0	0
658	2	325.336	65.927	362.61	72.713	CANDIDATE	0.0	0.3	0.0	0.0	0.0	292	9	0.0	0.0	0.0	0
659	2	364.821	65.927	385.35	72.713	SUPER	0.0	0.33	0.0	0.0	0.0	3441	5	0.0	0.0	0.0	0
660	2	387.506	65.927	399.737	72.713	PAC	0.0	0.33	0.0	0.0	0.0	617	3	0.0	0.0	0.0	0
661	2	401.913	65.927	414.186	72.713	(ns)	0.0	0.33	0.0	0.0	0.0	904	4	0.0	0.0	0.0	0
662	2	416.32	65.927	436.995	72.713	(1386)	0.0	0.28	0.0	0.0	0.0	0	6	0.6666667	0.0	0.0	0
663	2	447.96	64.874	471.935	70.112	Headline	0.0	0.28	0.0	0.0	0.0	949	8	0.0	0.0	0.0	0
664	2	503.76	63.527	546.937	70.313	ECR09836778	0.0	0.69	0.0	0.0	0.0	957	11	0.72727275	0.0	0.0	0
665	2	223.68	77.594	239.926	82.832	Brand	0.0	0.88	0.0	0.0	0.0	366	5	0.0	0.0	0.0	0
666	2	289.683	77.927	323.264	84.713	AMERICAN	0.0	1.0	0.0	0.0	0.0	258	8	0.0	0.0	0.0	advertiser
667	2	325.454	77.927	368.592	84.713	CROSSROADS	0.0	1.0	0.0	0.0	0.0	607	10	0.0	0.0	0.0	advertiser
668	2	370.711	77.927	399.067	84.713	(325849)	0.0	0.82	0.0	0.0	0.0	0	8	0.75	0.0	0.0	0
669	2	447.959	76.394	463.779	81.632	Demo	0.0	0.75	0.0	0.0	0.0	416	4	0.0	0.0	0.0	0
670	2	223.68	89.594	256.669	94.832	Salesperson	0.0	0.39	0.0	0.0	0.0	337	11	0.0	0.0	0.0	0
671	2	289.68	89.927	339.213	96.713	Millennium/PHL,	0.0	0.25	0.0	0.0	0.0	2319	15	0.0	0.0	0.0	0
672	2	341.426	89.927	377.865	96.713	Philadelphia	0.0	0.25	0.0	0.0	0.0	217	12	0.0	0.0	0.0	0
673	2	379.969	89.927	400.643	96.713	(1103)	0.0	0.23	0.0	0.0	0.0	0	6	0.6666667	0.0	0.0	0
674	2	447.959	88.034	463.508	93.272	Order	0.0	0.2	0.0	0.0	0.0	9	5	0.0	0.0	0.0	0
675	2	465.123	88.034	478.174	93.272	Type	0.0	0.2	0.0	0.0	0.0	45	4	0.0	0.0	0.0	0
676	2	505.56	88.127	527.673	94.913	Normal	0.0	0.25	0.0	0.0	0.0	461	6	0.0	0.0	0.0	0
677	2	447.96	98.594	470.734	103.832	Package	0.0	0.29	0.0	0.0	0.0	390	7	0.0	0.0	0.0	0
678	2	472.323	98.594	484.518	103.832	Deal	0.0	0.29	0.0	0.0	0.0	284	4	0.0	0.0	0.0	0
679	2	223.68	102.434	238.109	107.672	Sales	0.0	0.29	0.0	0.0	0.0	10	5	0.0	0.0	0.0	0
680	2	239.645	102.434	255.694	107.672	Office	0.0	0.46	0.0	0.0	0.0	12	6	0.0	0.0	0.0	0
681	2	289.68	102.168	322.44	108.954	Millennium	0.0	0.56	0.0	0.0	0.0	442	10	0.0	0.0	0.0	0
682	2	324.627	102.168	361.067	108.954	Philadelphia	0.0	0.7	0.0	0.0	0.0	217	12	0.0	0.0	0.0	0
683	2	28.199	111.408	65.734	119.85	Crossroads	0.0	0.71	0.0	0.0	0.0	607	10	0.0	0.0	0.0	0
684	2	67.796	111.408	125.06	119.85	Media-Alexandria	0.0	0.5	0.0	0.0	0.0	6096	16	0.0	0.0	0.0	0
685	2	223.68	114.794	239.59	120.032	Buyer	0.0	0.46	0.0	0.0	0.0	326	5	0.0	0.0	0.0	0
686	2	241.204	114.794	257.025	120.032	Name	0.0	0.47	0.0	0.0	0.0	110	4	0.0	0.0	0.0	0
687	2	289.68	113.928	341.239	120.714	Maron,Stephanie	0.0	0.47	0.0	0.0	0.0	8887	15	0.0	0.0	0.0	0
688	2	447.96	110.234	480.948	115.472	Commission	0.0	0.47	0.0	0.0	0.0	83	10	0.0	0.0	0.0	0
689	2	504.36	110.568	521.851	117.354	15.00	0.0	0.37	0.0	0.0	0.57	0	5	0.8	1.0	2.7725887	0
690	2	38.398	122.088	57.56	130.53	Canal	0.0	0.35	0.0	0.0	0.0	622	5	0.0	0.0	0.0	0
691	2	59.637	122.088	81.659	130.53	Center	0.0	0.35	0.0	0.0	0.0	403	6	0.0	0.0	0.0	0
692	2	83.638	122.088	102.147	130.53	Plaza	0.0	0.35	0.0	0.0	0.0	616	5	0.0	0.0	0.0	0
693	2	223.68	125.594	253.589	130.832	Phone/Fax	0.0	0.33	0.0	0.0	0.0	680	9	0.0	0.0	0.0	0
694	2	447.96	123.434	480.948	128.672	Commission	0.0	0.36	0.0	0.0	0.0	83	10	0.0	0.0	0.0	0
695	2	504.36	123.768	539.376	130.554	$21,405.00	0.0	0.29	0.0	0.0	0.71	0	10	0.7	1.0	9.971427	0
696	2	28.199	132.768	39.272	141.21	Ste	0.0	0.29	0.0	0.0	0.0	344	3	0.0	0.0	0.0	0
697	2	41.28	132.768	53.55	141.21	555	0.0	0.27	0.0	0.0	0.4	0	3	1.0	1.0	6.3207684	0
698	2	223.68	137.594	234.203	142.832	CPE	0.0	0.15	0.0	0.0	0.0	411	3	0.0	0.0	0.0	0
699	2	289.68	138.288	325.648	145.074	11/27/1088	0.0	0.12	0.0	0.0	0.0	0	10	0.8	0.0	0.0	0
700	2	447.96	136.634	457.654	141.872	Net	0.0	0.21	0.0	0.0	0.0	14	3	0.0	0.0	0.0	0
701	2	459.247	136.634	473.122	141.872	Total	0.0	0.26	0.0	0.0	0.0	106	5	0.0	0.0	0.0	0
702	2	504.36	136.968	543.216	143.754	$121,295.00	0.0	0.29	0.0	0.0	0.56	0	11	0.72727275	1.0	11.705989	0
703	2	28.204	143.448	65.051	151.89	Alexandria,	0.0	0.39	0.0	0.0	0.0	220	11	0.0	0.0	0.0	0
704	2	80.996	143.448	101.426	151.89	22314	0.0	0.33	0.0	0.0	0.59	0	5	1.0	1.0	10.013015	0
705	2	223.682	149.594	245.726	154.832	Account	0.0	0.28	0.0	0.0	0.0	15	7	0.0	0.0	0.0	0
706	2	247.318	149.594	263.183	154.832	Types	0.0	0.26	0.0	0.0	0.0	596	5	0.0	0.0	0.0	0
707	2	289.68	149.928	340.362	156.714	National/Political	0.0	0.32	0.0	0.0	0.0	724	18	0.0	0.0	0.0	0
708	2	342.492	149.928	358.878	156.714	Issue	0.0	0.38	0.0	0.0	0.0	343	5	0.0	0.0	0.0	0
709	2	361.094	149.928	383.405	156.714	Agency	0.0	0.44	0.0	0.0	0.0	2	6	0.0	0.0	0.0	0
710	2	385.576	149.928	398.704	156.714	BRD	0.0	0.44	0.0	0.0	0.0	958	3	0.0	0.0	0.0	0
711	2	447.959	148.154	462.388	153.392	Sales	0.0	0.44	0.0	0.0	0.0	10	5	0.0	0.0	0.0	0
712	2	463.924	148.154	473.795	153.392	Tax	0.0	0.4	0.0	0.0	0.0	319	3	0.0	0.0	0.0	0
713	2	223.68	161.594	241.007	166.832	Billing	0.0	0.3	0.0	0.0	0.0	11	7	0.0	0.0	0.0	0
714	2	242.522	161.594	255.574	166.832	Type	0.0	0.35	0.0	0.0	0.0	45	4	0.0	0.0	0.0	0
715	2	289.68	161.928	317.055	168.714	Standard	0.0	0.69	0.0	0.0	0.0	414	8	0.0	0.0	0.0	0
716	2	223.68	173.354	252.75	178.592	Comments	0.0	0.82	0.0	0.0	0.0	361	8	0.0	0.0	0.0	0
717	2	289.682	173.466	314.153	179.316	American	0.0	1.0	0.0	0.0	0.0	258	8	0.0	0.0	0.0	advertiser
718	2	316.084	173.466	344.922	179.316	Crossroads	0.0	1.0	0.0	0.0	0.0	607	10	0.0	0.0	0.0	advertiser
719	2	289.682	180.666	318.54	186.516	AMERICAN	0.0	1.0	0.0	0.0	0.0	258	8	0.0	0.0	0.0	advertiser
720	2	320.411	180.666	357.612	186.516	CROSSROADS	0.0	1.0	0.0	0.0	0.0	607	10	0.0	0.0	0.0	advertiser
721	2	25.08	291.425	35.929	297.275	Line	0.0	0.9	0.0	0.0	0.0	89	4	0.0	0.0	0.0	0
722	2	54.6	291.425	65.449	297.275	Line	0.0	0.82	0.0	0.0	0.0	89	4	0.0	0.0	0.0	0
723	2	67.331	291.425	80.332	297.275	Type	0.0	0.5	0.0	0.0	0.0	45	4	0.0	0.0	0.0	0
724	2	86.411	291.425	101.279	297.275	Break	0.0	0.19	0.0	0.0	0.0	68	5	0.0	0.0	0.0	0
725	2	103.211	291.425	116.212	297.275	Type	0.0	0.19	0.0	0.0	0.0	45	4	0.0	0.0	0.0	0
726	2	118.21	291.425	129.243	297.275	(Ref	0.0	0.25	0.0	0.0	0.0	63	4	0.0	0.0	0.0	0
727	2	176.16	291.545	191.195	297.395	Dates	0.0	0.31	0.0	0.0	0.0	18	5	0.0	0.0	0.0	0
728	2	220.44	291.545	229.688	297.395	Sec	0.0	0.31	0.0	0.0	0.0	603	3	0.0	0.0	0.0	0
729	2	236.64	291.545	254.875	297.395	Length	0.0	0.29	0.0	0.0	0.0	56	6	0.0	0.0	0.0	0
730	2	284.4	291.305	294.838	297.155	Run	0.0	0.32	0.0	0.0	0.0	325	3	0.0	0.0	0.0	0
731	2	296.772	291.305	312.412	297.155	Times	0.0	0.36	0.0	0.0	0.0	538	5	0.0	0.0	0.0	0
732	2	339.36	291.425	351.499	297.275	SPW	0.0	0.36	0.0	0.0	0.0	468	3	0.0	0.0	0.0	0
733	2	453.722	291.785	468.402	297.635	Spots	0.0	0.32	0.0	0.0	0.0	4	5	0.0	0.0	0.0	0
734	2	485.279	291.785	497.322	297.635	Rate	0.0	0.32	0.0	0.0	0.0	13	4	0.0	0.0	0.0	0
735	2	536.282	291.785	549.534	297.635	Total	0.0	0.31	0.0	0.0	0.0	106	5	0.0	0.0	0.0	0
736	2	610.079	291.785	628.551	297.635	Station	0.0	0.31	0.0	0.0	0.0	57	7	0.0	0.0	0.0	0
737	2	690.479	291.785	718.602	297.635	Comments	0.0	0.31	0.0	0.0	0.0	361	8	0.0	0.0	0.0	0
738	2	747.599	291.785	768.076	297.635	Entered	0.0	0.25	0.0	0.0	0.0	598	7	0.0	0.0	0.0	0
739	2	31.799	303.906	63.773	309.756	26.0Normal	0.0	0.21	0.0	0.0	0.0	461	10	0.3	0.0	0.0	0
740	2	65.642	303.906	76.492	309.756	Line	0.0	0.21	0.0	0.0	0.0	89	4	0.0	0.0	0.0	0
741	2	82.572	303.906	97.006	309.756	SPOT	0.0	0.16	0.0	0.0	0.0	133	4	0.0	0.0	0.0	0
742	2	149.159	303.905	199.479	309.755	10/11/12-10/11/12	0.0	0.12	0.0	0.0	0.0	0	17	0.7058824	0.0	0.0	0
743	2	250.08	303.905	272.663	309.756	:3010A-	0.0	0.28	0.0	0.0	0.0	16	7	0.5714286	0.0	0.0	0
744	2	274.562	303.905	290.879	309.755	Maury	0.0	0.28	0.0	0.0	0.0	2732	5	0.0	0.0	0.0	0
745	2	292.808	303.905	309.841	309.755	Povich	0.0	0.28	0.0	0.0	0.0	2939	6	0.0	0.0	0.0	0
746	2	490.679	303.786	511.966	309.636	$600.00	0.0	0.23	0.0	0.0	0.67	0	7	0.71428573	1.0	6.398595	0
747	2	550.92	303.786	597.29	309.756	$600.00Asheville	0.0	0.27	0.0	0.0	0.0	2054	16	0.3125	0.0	0.0	0
748	2	599.169	303.906	619.718	309.756	(WLOS)	0.0	0.27	0.0	0.0	0.0	1973	6	0.0	0.0	0.0	0
749	2	666.72	303.906	686.154	309.756	MAURY	0.0	0.28	0.0	0.0	0.0	2732	5	0.0	0.0	0.0	0
750	2	688.091	303.906	709.194	309.756	POVICH	0.0	0.28	0.0	0.0	0.0	2939	6	0.0	0.0	0.0	0
751	2	743.76	303.906	764.56	309.756	10/5/12	0.0	0.22	0.0	0.0	0.0	0	7	0.71428573	0.0	0.0	0
752	2	31.799	316.026	63.773	321.876	27.0Normal	0.0	0.22	0.0	0.0	0.0	461	10	0.3	0.0	0.0	0
753	2	65.642	316.026	76.492	321.876	Line	0.0	0.18	0.0	0.0	0.0	89	4	0.0	0.0	0.0	0
754	2	82.572	316.026	97.006	321.876	SPOT	0.0	0.16	0.0	0.0	0.0	133	4	0.0	0.0	0.0	0
755	2	149.16	316.026	199.479	321.876	10/12/12-10/12/12	0.0	0.12	0.0	0.0	0.0	0	17	0.7058824	0.0	0.0	0
756	2	250.08	316.026	272.663	321.876	:3010A-	0.0	0.28	0.0	0.0	0.0	16	7	0.5714286	0.0	0.0	0
757	2	274.563	316.026	290.88	321.876	Maury	0.0	0.28	0.0	0.0	0.0	2732	5	0.0	0.0	0.0	0
758	2	292.809	316.026	309.842	321.876	Povich	0.0	0.28	0.0	0.0	0.0	2939	6	0.0	0.0	0.0	0
759	2	490.679	315.906	511.966	321.756	$600.00	0.0	0.23	0.0	0.0	0.67	0	7	0.71428573	1.0	6.398595	0
760	2	550.92	315.906	597.29	321.876	$600.00Asheville	0.0	0.27	0.0	0.0	0.0	2054	16	0.3125	0.0	0.0	0
761	2	599.169	316.026	619.718	321.876	(WLOS)	0.0	0.27	0.0	0.0	0.0	1973	6	0.0	0.0	0.0	0
762	2	666.72	316.026	686.154	321.876	MAURY	0.0	0.28	0.0	0.0	0.0	2732	5	0.0	0.0	0.0	0
763	2	688.091	316.026	709.194	321.876	POVICH	0.0	0.28	0.0	0.0	0.0	2939	6	0.0	0.0	0.0	0
764	2	743.76	316.026	764.56	321.876	10/5/12	0.0	0.22	0.0	0.0	0.0	0	7	0.71428573	0.0	0.0	0
765	2	31.799	328.146	63.773	333.996	28.0Normal	0.0	0.22	0.0	0.0	0.0	461	10	0.3	0.0	0.0	0
766	2	65.642	328.146	76.492	333.996	Line	0.0	0.18	0.0	0.0	0.0	89	4	0.0	0.0	0.0	0
767	2	82.572	328.146	97.006	333.996	SPOT	0.0	0.16	0.0	0.0	0.0	133	4	0.0	0.0	0.0	0
768	2	149.16	328.146	199.479	333.996	10/15/12-10/15/12	0.0	0.12	0.0	0.0	0.0	0	17	0.7058824	0.0	0.0	0
769	2	250.08	328.146	272.663	333.996	:3010A-	0.0	0.28	0.0	0.0	0.0	16	7	0.5714286	0.0	0.0	0
770	2	274.563	328.146	290.88	333.996	Maury	0.0	0.28	0.0	0.0	0.0	2732	5	0.0	0.0	0.0	0
771	2	292.809	328.146	309.842	333.996	Povich	0.0	0.28	0.0	0.0	0.0	2939	6	0.0	0.0	0.0	0
772	2	490.679	328.026	511.966	333.876	$600.00	0.0	0.23	0.0	0.0	0.67	0	7	0.71428573	1.0	6.398595	0
773	2	550.92	328.026	597.29	333.996	$600.00Asheville	0.0	0.27	0.0	0.0	0.0	2054	16	0.3125	0.0	0.0	0
774	2	599.169	328.146	619.718	333.996	(WLOS)	0.0	0.27	0.0	0.0	0.0	1973	6	0.0	0.0	0.0	0
775	2	666.72	328.146	686.154	333.996	MAURY	0.0	0.28	0.0	0.0	0.0	2732	5	0.0	0.0	0.0	0
776	2	688.091	328.146	709.194	333.996	POVICH	0.0	0.28	0.0	0.0	0.0	2939	6	0.0	0.0	0.0	0
777	2	743.76	328.146	764.56	333.996	10/5/12	0.0	0.22	0.0	0.0	0.0	0	7	0.71428573	0.0	0.0	0
778	2	31.799	340.266	63.773	346.116	29.0Normal	0.0	0.22	0.0	0.0	0.0	461	10	0.3	0.0	0.0	0
779	2	65.642	340.266	76.492	346.116	Line	0.0	0.22	0.0	0.0	0.0	89	4	0.0	0.0	0.0	0
780	2	82.572	340.266	96.767	346.116	News	0.0	0.22	0.0	0.0	0.0	17	4	0.0	0.0	0.0	0
781	2	149.16	340.266	199.479	346.116	10/09/12-10/09/12	0.0	0.14	0.0	0.0	0.0	0	17	0.7058824	0.0	0.0	0
782	2	250.08	340.266	281.064	346.116	:3012:30P-	0.0	0.16	0.0	0.0	0.0	27	10	0.6	0.0	0.0	0
783	2	282.963	340.266	313.468	346.116	News-News	0.0	0.22	0.0	0.0	0.0	1514	9	0.0	0.0	0.0	0
784	2	485.639	340.146	511.968	345.996	$1,400.00	0.0	0.22	0.0	0.0	0.88	0	9	0.6666667	1.0	7.2449417	0
785	2	545.88	340.146	597.29	346.116	$1,400.00Asheville	0.0	0.26	0.0	0.0	0.0	2054	18	0.33333334	0.0	0.0	0
786	2	599.169	340.266	619.718	346.116	(WLOS)	0.0	0.26	0.0	0.0	0.0	1973	6	0.0	0.0	0.0	0
787	2	666.72	340.266	682.786	346.116	NEWS	0.0	0.26	0.0	0.0	0.0	17	4	0.0	0.0	0.0	0
788	2	743.76	340.266	764.56	346.116	10/5/12	0.0	0.23	0.0	0.0	0.0	0	7	0.71428573	0.0	0.0	0
789	2	260.4	347.466	276.686	353.316	1230p	0.0	0.15	0.0	0.0	0.0	27	5	0.8	0.0	0.0	0
790	2	31.799	358.026	63.773	363.876	30.0Normal	0.0	0.22	0.0	0.0	0.0	461	10	0.3	0.0	0.0	0
791	2	65.642	358.026	76.492	363.876	Line	0.0	0.22	0.0	0.0	0.0	89	4	0.0	0.0	0.0	0
792	2	82.572	358.026	96.767	363.876	News	0.0	0.22	0.0	0.0	0.0	17	4	0.0	0.0	0.0	0
793	2	149.16	358.026	199.479	363.876	10/10/12-10/10/12	0.0	0.14	0.0	0.0	0.0	0	17	0.7058824	0.0	0.0	0
794	2	250.08	358.026	281.064	363.876	:3012:30P-	0.0	0.16	0.0	0.0	0.0	27	10	0.6	0.0	0.0	0
795	2	282.963	358.026	313.468	363.876	News-News	0.0	0.22	0.0	0.0	0.0	1514	9	0.0	0.0	0.0	0
796	2	485.639	357.906	511.968	363.756	$1,400.00	0.0	0.22	0.0	0.0	0.88	0	9	0.6666667	1.0	7.2449417	0
797	2	545.88	357.906	597.29	363.876	$1,400.00Asheville	0.0	0.26	0.0	0.0	0.0	2054	18	0.33333334	0.0	0.0	0
798	2	599.169	358.026	619.718	363.876	(WLOS)	0.0	0.26	0.0	0.0	0.0	1973	6	0.0	0.0	0.0	0
799	2	666.72	358.026	682.786	363.876	NEWS	0.0	0.26	0.0	0.0	0.0	17	4	0.0	0.0	0.0	0
800	2	743.76	358.026	764.56	363.876	10/5/12	0.0	0.23	0.0	0.0	0.0	0	7	0.71428573	0.0	0.0	0
801	2	260.4	365.226	276.686	371.076	1230p	0.0	0.15	0.0	0.0	0.0	27	5	0.8	0.0	0.0	0
802	2	31.799	375.786	63.773	381.636	31.0Normal	0.0	0.22	0.0	0.0	0.0	461	10	0.3	0.0	0.0	0
803	2	65.642	375.786	76.492	381.636	Line	0.0	0.22	0.0	0.0	0.0	89	4	0.0	0.0	0.0	0
804	2	82.572	375.786	96.767	381.636	News	0.0	0.22	0.0	0.0	0.0	17	4	0.0	0.0	0.0	0
805	2	149.16	375.786	199.479	381.636	10/11/12-10/11/12	0.0	0.14	0.0	0.0	0.0	0	17	0.7058824	0.0	0.0	0
806	2	250.08	375.786	281.064	381.636	:3012:30P-	0.0	0.16	0.0	0.0	0.0	27	10	0.6	0.0	0.0	0
807	2	282.963	375.786	313.468	381.636	News-News	0.0	0.22	0.0	0.0	0.0	1514	9	0.0	0.0	0.0	0
808	2	485.639	375.666	511.968	381.516	$1,400.00	0.0	0.22	0.0	0.0	0.88	0	9	0.6666667	1.0	7.2449417	0
809	2	545.88	375.666	597.29	381.636	$1,400.00Asheville	0.0	0.26	0.0	0.0	0.0	2054	18	0.33333334	0.0	0.0	0
810	2	599.169	375.786	619.718	381.636	(WLOS)	0.0	0.26	0.0	0.0	0.0	1973	6	0.0	0.0	0.0	0
811	2	666.72	375.786	682.786	381.636	NEWS	0.0	0.26	0.0	0.0	0.0	17	4	0.0	0.0	0.0	0
812	2	743.76	375.786	764.56	381.636	10/5/12	0.0	0.23	0.0	0.0	0.0	0	7	0.71428573	0.0	0.0	0
813	2	260.4	382.986	276.686	388.836	1230p	0.0	0.15	0.0	0.0	0.0	27	5	0.8	0.0	0.0	0
814	2	31.799	393.666	63.773	399.516	32.0Normal	0.0	0.22	0.0	0.0	0.0	461	10	0.3	0.0	0.0	0
815	2	65.642	393.666	76.492	399.516	Line	0.0	0.22	0.0	0.0	0.0	89	4	0.0	0.0	0.0	0
816	2	82.572	393.666	96.767	399.516	News	0.0	0.22	0.0	0.0	0.0	17	4	0.0	0.0	0.0	0
817	2	149.16	393.666	199.479	399.516	10/12/12-10/12/12	0.0	0.14	0.0	0.0	0.0	0	17	0.7058824	0.0	0.0	0
818	2	250.08	393.666	281.064	399.516	:3012:30P-	0.0	0.16	0.0	0.0	0.0	27	10	0.6	0.0	0.0	0
819	2	282.963	393.666	313.468	399.516	News-News	0.0	0.22	0.0	0.0	0.0	1514	9	0.0	0.0	0.0	0
820	2	485.639	393.546	511.968	399.396	$1,400.00	0.0	0.22	0.0	0.0	0.88	0	9	0.6666667	1.0	7.2449417	0
821	2	545.88	393.546	597.29	399.516	$1,400.00Asheville	0.0	0.26	0.0	0.0	0.0	2054	18	0.33333334	0.0	0.0	0
822	2	599.169	393.666	619.718	399.516	(WLOS)	0.0	0.26	0.0	0.0	0.0	1973	6	0.0	0.0	0.0	0
823	2	666.72	393.666	682.786	399.516	NEWS	0.0	0.26	0.0	0.0	0.0	17	4	0.0	0.0	0.0	0
824	2	743.76	393.666	764.56	399.516	10/5/12	0.0	0.23	0.0	0.0	0.0	0	7	0.71428573	0.0	0.0	0
825	2	260.4	400.866	276.686	406.716	1230p	0.0	0.15	0.0	0.0	0.0	27	5	0.8	0.0	0.0	0
826	2	31.799	411.426	63.773	417.276	33.0Normal	0.0	0.22	0.0	0.0	0.0	461	10	0.3	0.0	0.0	0
827	2	65.642	411.426	76.492	417.276	Line	0.0	0.22	0.0	0.0	0.0	89	4	0.0	0.0	0.0	0
828	2	82.572	411.426	96.767	417.276	News	0.0	0.22	0.0	0.0	0.0	17	4	0.0	0.0	0.0	0
829	2	149.16	411.426	199.479	417.276	10/15/12-10/15/12	0.0	0.14	0.0	0.0	0.0	0	17	0.7058824	0.0	0.0	0
830	2	250.08	411.426	281.064	417.276	:3012:30P-	0.0	0.16	0.0	0.0	0.0	27	10	0.6	0.0	0.0	0
831	2	282.963	411.426	313.468	417.276	News-News	0.0	0.22	0.0	0.0	0.0	1514	9	0.0	0.0	0.0	0
832	2	485.639	411.306	511.968	417.156	$1,400.00	0.0	0.22	0.0	0.0	0.88	0	9	0.6666667	1.0	7.2449417	0
833	2	545.88	411.306	597.29	417.276	$1,400.00Asheville	0.0	0.26	0.0	0.0	0.0	2054	18	0.33333334	0.0	0.0	0
834	2	599.169	411.426	619.718	417.276	(WLOS)	0.0	0.26	0.0	0.0	0.0	1973	6	0.0	0.0	0.0	0
835	2	666.72	411.426	682.786	417.276	NEWS	0.0	0.26	0.0	0.0	0.0	17	4	0.0	0.0	0.0	0
836	2	743.76	411.426	764.56	417.276	10/5/12	0.0	0.23	0.0	0.0	0.0	0	7	0.71428573	0.0	0.0	0
837	2	260.4	418.626	276.686	424.476	1230p	0.0	0.15	0.0	0.0	0.0	27	5	0.8	0.0	0.0	0
838	2	31.799	429.186	63.773	435.036	34.0Normal	0.0	0.16	0.0	0.0	0.0	461	10	0.3	0.0	0.0	0
839	2	65.642	429.186	76.492	435.036	Line	0.0	0.16	0.0	0.0	0.0	89	4	0.0	0.0	0.0	0
840	2	82.572	429.186	97.006	435.036	SPOT	0.0	0.16	0.0	0.0	0.0	133	4	0.0	0.0	0.0	0
841	2	149.16	429.186	199.479	435.036	10/09/12-10/09/12	0.0	0.09	0.0	0.0	0.0	0	17	0.7058824	0.0	0.0	0
842	2	250.08	429.186	286.467	435.036	:304:00:30P-	0.0	0.11	0.0	0.0	0.0	27	12	0.5833333	0.0	0.0	0
843	2	288.366	429.186	301.49	435.036	Katie	0.0	0.17	0.0	0.0	0.0	445	5	0.0	0.0	0.0	0
844	2	490.679	429.066	511.966	434.916	$700.00	0.0	0.23	0.0	0.0	0.8	0	7	0.71428573	1.0	6.552508	0
845	2	550.92	429.066	597.29	435.036	$700.00Asheville	0.0	0.27	0.0	0.0	0.0	2054	16	0.3125	0.0	0.0	0
846	2	599.169	429.186	619.718	435.036	(WLOS)	0.0	0.29	0.0	0.0	0.0	1973	6	0.0	0.0	0.0	0
847	2	666.72	429.186	682.935	435.036	KATIE	0.0	0.34	0.0	0.0	0.0	445	5	0.0	0.0	0.0	0
848	2	684.845	429.186	706.227	435.036	COURIC	0.0	0.34	0.0	0.0	0.0	1450	6	0.0	0.0	0.0	0
849	2	743.76	429.186	764.56	435.036	10/5/12	0.0	0.28	0.0	0.0	0.0	0	7	0.71428573	0.0	0.0	0
850	2	31.799	441.306	63.773	447.156	35.0Normal	0.0	0.26	0.0	0.0	0.0	461	10	0.3	0.0	0.0	0
851	2	65.642	441.306	76.492	447.156	Line	0.0	0.22	0.0	0.0	0.0	89	4	0.0	0.0	0.0	0
852	2	82.572	441.306	97.006	447.156	SPOT	0.0	0.16	0.0	0.0	0.0	133	4	0.0	0.0	0.0	0
853	2	149.16	441.306	199.479	447.156	10/10/12-10/10/12	0.0	0.09	0.0	0.0	0.0	0	17	0.7058824	0.0	0.0	0
854	2	250.08	441.306	286.467	447.156	:304:00:30P-	0.0	0.11	0.0	0.0	0.0	27	12	0.5833333	0.0	0.0	0
855	2	288.366	441.306	301.49	447.156	Katie	0.0	0.17	0.0	0.0	0.0	445	5	0.0	0.0	0.0	0
856	2	490.679	441.186	511.966	447.036	$700.00	0.0	0.23	0.0	0.0	0.8	0	7	0.71428573	1.0	6.552508	0
857	2	550.92	441.186	597.29	447.156	$700.00Asheville	0.0	0.27	0.0	0.0	0.0	2054	16	0.3125	0.0	0.0	0
858	2	599.169	441.306	619.718	447.156	(WLOS)	0.0	0.29	0.0	0.0	0.0	1973	6	0.0	0.0	0.0	0
859	2	666.72	441.306	682.935	447.156	KATIE	0.0	0.34	0.0	0.0	0.0	445	5	0.0	0.0	0.0	0
860	2	684.845	441.306	706.227	447.156	COURIC	0.0	0.34	0.0	0.0	0.0	1450	6	0.0	0.0	0.0	0
861	2	743.76	441.306	764.56	447.156	10/5/12	0.0	0.28	0.0	0.0	0.0	0	7	0.71428573	0.0	0.0	0
862	2	31.799	453.426	63.773	459.276	36.0Normal	0.0	0.26	0.0	0.0	0.0	461	10	0.3	0.0	0.0	0
863	2	65.642	453.426	76.492	459.276	Line	0.0	0.22	0.0	0.0	0.0	89	4	0.0	0.0	0.0	0
864	2	82.572	453.426	97.006	459.276	SPOT	0.0	0.16	0.0	0.0	0.0	133	4	0.0	0.0	0.0	0
865	2	149.16	453.426	199.479	459.276	10/11/12-10/11/12	0.0	0.09	0.0	0.0	0.0	0	17	0.7058824	0.0	0.0	0
866	2	250.08	453.426	286.467	459.276	:304:00:30P-	0.0	0.11	0.0	0.0	0.0	27	12	0.5833333	0.0	0.0	0
867	2	288.366	453.426	301.49	459.276	Katie	0.0	0.17	0.0	0.0	0.0	445	5	0.0	0.0	0.0	0
868	2	490.679	453.306	511.966	459.156	$700.00	0.0	0.23	0.0	0.0	0.8	0	7	0.71428573	1.0	6.552508	0
869	2	550.92	453.306	597.29	459.276	$700.00Asheville	0.0	0.27	0.0	0.0	0.0	2054	16	0.3125	0.0	0.0	0
870	2	599.169	453.426	619.718	459.276	(WLOS)	0.0	0.29	0.0	0.0	0.0	1973	6	0.0	0.0	0.0	0
871	2	666.72	453.426	682.935	459.276	KATIE	0.0	0.34	0.0	0.0	0.0	445	5	0.0	0.0	0.0	0
872	2	684.845	453.426	706.227	459.276	COURIC	0.0	0.34	0.0	0.0	0.0	1450	6	0.0	0.0	0.0	0
873	2	743.76	453.426	764.56	459.276	10/5/12	0.0	0.31	0.0	0.0	0.0	0	7	0.71428573	0.0	0.0	0
874	2	309.36	475.703	405.715	485.33	CONFIRMATION	0.0	0.32	0.0	0.0	0.0	342	12	0.0	0.0	0.0	0
875	2	409.2	475.703	479.314	485.33	CONTRACT	0.0	0.32	0.0	0.0	0.0	53	8	0.0	0.0	0.0	0
876	2	18.243	491.789	99.078	497.99	Accepted-Agency/Advertiser:	0.0	0.22	0.0	0.0	0.0	746	27	0.0	0.0	0.0	0
877	2	236.399	491.789	251.849	497.99	Date:	0.0	0.22	0.0	0.0	0.0	8	5	0.0	0.0	0.0	0
878	2	302.399	491.789	352.162	497.99	Accepted-Station:	0.0	0.23	0.0	0.0	0.0	731	17	0.0	0.0	0.0	0
879	2	476.399	490.949	491.849	497.15	Date:	0.0	0.33	0.0	0.0	0.0	8	5	0.0	0.0	0.0	0
880	2	533.156	490.949	565.532	497.15	Comments:	0.0	0.33	0.0	0.0	0.0	361	9	0.0	0.0	0.0	0
881	2	14.399	575.789	24.09	581.99	B/E	0.0	0.33	0.0	0.0	0.0	124	3	0.0	0.0	0.0	0
882	2	26.158	575.789	50.44	581.99	Bookend	0.0	0.33	0.0	0.0	0.0	669	7	0.0	0.0	0.0	0
883	2	56.527	575.789	66.157	581.99	P/B	0.0	0.3	0.0	0.0	0.0	629	3	0.0	0.0	0.0	0
884	2	68.164	575.789	83.222	581.99	Piggy	0.0	0.15	0.0	0.0	0.0	694	5	0.0	0.0	0.0	0
885	2	85.212	575.789	98.341	581.99	Back	0.0	0.21	0.0	0.0	0.0	665	4	0.0	0.0	0.0	0
886	2	740.04	581.928	754.988	588.714	Page	0.0	0.24	0.0	0.0	0.0	7	4	0.0	0.0	0.0	0
887	2	14.399	588.177	39.25	596.016	Printed	0.0	0.32	0.0	0.0	0.0	159	7	0.0	0.0	0.0	0
888	2	41.765	588.177	52.052	596.016	At:	0.0	0.21	0.0	0.0	0.0	74	3	0.0	0.0	0.0	0
889	2	54.609	588.177	75.213	596.016	12:13	0.0	0.2	0.0	0.0	0.0	0	5	0.8	0.0	0.0	0
890	2	102.278	588.177	134.235	596.016	Tuesday,	0.0	0.18	0.0	0.0	0.0	354	8	0.0	0.0	0.0	0
891	2	136.721	588.177	164.577	596.016	October	0.0	0.26	0.0	0.0	0.0	191	7	0.0	0.0	0.0	0
892	2	176.567	588.177	194.287	596.016	2012	0.0	0.26	0.0	0.0	0.62	0	4	1.0	1.0	7.6073813	0
893	3	223.68	16.51	266.592	26.171	Contract	0.0	0.26	0.0	0.0	0.0	53	8	0.0	0.0	0.0	0
894	3	289.68	16.765	339.224	27.474	1389462	0.0	0.22	0.0	0.0	0.63	0	7	1.0	1.0	14.144428	0
895	3	447.96	18.674	460.776	23.912	Date	0.0	0.28	0.0	0.0	0.0	8	4	0.0	0.0	0.0	0
896	3	462.364	18.674	483.772	23.912	Entered	0.0	0.28	0.0	0.0	0.0	598	7	0.0	0.0	0.0	0
897	3	503.76	19.007	532.046	25.793	10/05/12	0.0	0.29	0.0	0.0	0.0	0	8	0.75	0.0	0.0	0
898	3	608.283	17.842	639.915	24.593	Asheville	0.0	0.35	0.0	0.0	0.0	2054	9	0.0	0.0	0.0	0
899	3	641.895	17.842	669.178	24.593	(WLOS)	0.0	0.35	0.0	0.0	0.0	1973	6	0.0	0.0	0.0	0
900	3	223.68	29.594	248.489	34.832	Schedule	0.0	0.35	0.0	0.0	0.0	387	8	0.0	0.0	0.0	0
901	3	250.077	29.594	265.707	34.832	Dates	0.0	0.35	0.0	0.0	0.0	18	5	0.0	0.0	0.0	0
902	3	289.68	29.927	348.804	36.713	10/09/12-10/15/12	0.0	0.19	0.0	0.0	0.0	0	17	0.7058824	0.0	0.0	0
903	3	447.96	30.194	459.333	35.432	Last	0.0	0.27	0.0	0.0	0.0	330	4	0.0	0.0	0.0	0
904	3	460.925	30.194	484.486	35.432	Modified	0.0	0.31	0.0	0.0	0.0	645	8	0.0	0.0	0.0	0
905	3	503.76	30.527	532.046	37.313	10/05/12	0.0	0.31	0.0	0.0	0.0	0	8	0.75	0.0	0.0	0
906	3	618.0	27.407	648.163	34.193	Broadcast	0.0	0.37	0.0	0.0	0.0	41	9	0.0	0.0	0.0	0
907	3	650.274	27.407	669.528	34.193	Month	0.0	0.38	0.0	0.0	0.0	52	5	0.0	0.0	0.0	0
908	3	678.6	27.3	696.519	33.47	Spots	0.0	0.38	0.0	0.0	0.0	4	5	0.0	0.0	0.0	0
909	3	747.12	27.3	761.949	33.47	Rate	0.0	0.38	0.0	0.0	0.0	13	4	0.0	0.0	0.0	0
910	3	608.28	37.367	620.83	44.153	Oct.	0.0	0.33	0.0	0.0	0.0	464	4	0.0	0.0	0.0	0
911	3	625.206	37.367	640.535	44.153	2012	0.0	0.23	0.0	0.0	0.62	0	4	1.0	1.0	7.6073813	0
912	3	720.361	37.367	759.218	44.153	$142,700.00	0.0	0.19	0.0	0.0	1.0	0	11	0.72727275	1.0	11.868506	gross_amount
913	3	115.44	43.367	137.171	51.809	WLOS	0.0	0.33	0.0	0.0	0.0	1973	4	0.0	0.0	0.0	0
914	3	139.204	43.367	168.865	51.809	Asheville	0.0	0.65	0.0	0.0	0.0	2054	9	0.0	0.0	0.0	0
915	3	223.682	40.775	254.862	46.595	Advertiser	0.0	0.78	0.0	0.0	0.0	6	10	0.0	0.0	0.0	0
916	3	289.683	41.208	318.291	47.994	American	0.0	1.0	0.0	0.0	0.0	258	8	0.0	0.0	0.0	advertiser
917	3	320.406	41.208	354.113	47.994	Crossroads	0.0	1.0	0.0	0.0	0.0	607	10	0.0	0.0	0.0	advertiser
918	3	356.284	41.208	380.8	47.994	(41509)	0.0	0.84	0.0	0.0	0.0	0	7	0.71428573	0.0	0.0	0
919	3	447.96	41.834	469.368	47.072	Entered	0.0	0.72	0.0	0.0	0.0	598	7	0.0	0.0	0.0	0
920	3	503.76	40.487	523.275	47.273	Louise	0.0	0.37	0.0	0.0	0.0	2342	6	0.0	0.0	0.0	0
921	3	525.488	40.487	546.599	47.273	Palmer	0.0	0.43	0.0	0.0	0.0	2399	6	0.0	0.0	0.0	0
922	3	115.44	53.927	127.711	62.369	110	0.0	0.43	0.0	0.0	0.67	0	3	1.0	1.0	4.7095304	0
923	3	129.718	53.927	167.85	62.369	Technology	0.0	0.57	0.0	0.0	0.0	1861	10	0.0	0.0	0.0	0
924	3	223.682	53.015	245.503	58.835	Agency	0.0	0.76	0.0	0.0	0.0	2	6	0.0	0.0	0.0	0
925	3	289.68	53.928	323.387	60.714	Crossroads	0.0	0.76	0.0	0.0	0.0	607	10	0.0	0.0	0.0	0
926	3	325.558	53.928	378.193	60.714	Media-Alexandria	0.0	0.52	0.0	0.0	0.0	6096	16	0.0	0.0	0.0	0
927	3	380.296	53.928	400.971	60.714	(2097)	0.0	0.46	0.0	0.0	0.0	0	6	0.6666667	0.0	0.0	0
928	3	447.96	53.354	465.79	58.592	CO-OP	0.0	0.36	0.0	0.0	0.0	675	5	0.0	0.0	0.0	0
929	3	608.28	49.109	625.241	55.31	Grand	0.0	0.35	0.0	0.0	0.0	503	5	0.0	0.0	0.0	0
930	3	627.246	49.109	643.659	55.31	Total:	0.0	0.34	0.0	0.0	0.0	106	6	0.0	0.0	0.0	0
931	3	720.36	50.687	759.216	57.473	$142,700.00	0.0	0.24	0.0	0.0	1.0	0	11	0.72727275	1.0	11.868506	gross_amount
932	3	115.444	64.607	147.129	73.049	Asheville,	0.0	0.38	0.0	0.0	0.0	2054	10	0.0	0.0	0.0	0
933	3	163.796	64.607	184.226	73.049	28803	0.0	0.38	0.0	0.0	0.59	0	5	1.0	1.0	10.26827	0
934	3	223.68	65.594	245.006	70.832	Product	0.0	0.38	0.0	0.0	0.0	5	7	0.0	0.0	0.0	0
935	3	289.68	65.927	323.162	72.713	POLITICAL	0.0	0.28	0.0	0.0	0.0	160	9	0.0	0.0	0.0	0
936	3	325.336	65.927	362.61	72.713	CANDIDATE	0.0	0.3	0.0	0.0	0.0	292	9	0.0	0.0	0.0	0
937	3	364.821	65.927	385.35	72.713	SUPER	0.0	0.33	0.0	0.0	0.0	3441	5	0.0	0.0	0.0	0
938	3	387.506	65.927	399.737	72.713	PAC	0.0	0.33	0.0	0.0	0.0	617	3	0.0	0.0	0.0	0
939	3	401.913	65.927	414.186	72.713	(ns)	0.0	0.33	0.0	0.0	0.0	904	4	0.0	0.0	0.0	0
940	3	416.32	65.927	436.995	72.713	(1386)	0.0	0.28	0.0	0.0	0.0	0	6	0.6666667	0.0	0.0	0
941	3	447.96	64.874	471.935	70.112	Headline	0.0	0.28	0.0	0.0	0.0	949	8	0.0	0.0	0.0	0
942	3	503.76	63.527	546.937	70.313	ECR09836778	0.0	0.69	0.0	0.0	0.0	957	11	0.72727275	0.0	0.0	0
943	3	223.68	77.594	239.926	82.832	Brand	0.0	0.88	0.0	0.0	0.0	366	5	0.0	0.0	0.0	0
944	3	289.683	77.927	323.264	84.713	AMERICAN	0.0	1.0	0.0	0.0	0.0	258	8	0.0	0.0	0.0	advertiser
945	3	325.454	77.927	368.592	84.713	CROSSROADS	0.0	1.0	0.0	0.0	0.0	607	10	0.0	0.0	0.0	advertiser
946	3	370.711	77.927	399.067	84.713	(325849)	0.0	0.82	0.0	0.0	0.0	0	8	0.75	0.0	0.0	0
947	3	447.959	76.394	463.779	81.632	Demo	0.0	0.75	0.0	0.0	0.0	416	4	0.0	0.0	0.0	0
948	3	223.68	89.594	256.669	94.832	Salesperson	0.0	0.39	0.0	0.0	0.0	337	11	0.0	0.0	0.0	0
949	3	289.68	89.927	339.213	96.713	Millennium/PHL,	0.0	0.25	0.0	0.0	0.0	2319	15	0.0	0.0	0.0	0
950	3	341.426	89.927	377.865	96.713	Philadelphia	0.0	0.25	0.0	0.0	0.0	217	12	0.0	0.0	0.0	0
951	3	379.969	89.927	400.643	96.713	(1103)	0.0	0.23	0.0	0.0	0.0	0	6	0.6666667	0.0	0.0	0
952	3	447.959	88.034	463.508	93.272	Order	0.0	0.2	0.0	0.0	0.0	9	5	0.0	0.0	0.0	0
953	3	465.123	88.034	478.174	93.272	Type	0.0	0.2	0.0	0.0	0.0	45	4	0.0	0.0	0.0	0
954	3	505.56	88.127	527.673	94.913	Normal	0.0	0.25	0.0	0.0	0.0	461	6	0.0	0.0	0.0	0
955	3	447.96	98.594	470.734	103.832	Package	0.0	0.29	0.0	0.0	0.0	390	7	0.0	0.0	0.0	0
956	3	472.323	98.594	484.518	103.832	Deal	0.0	0.29	0.0	0.0	0.0	284	4	0.0	0.0	0.0	0
957	3	223.68	102.434	238.109	107.672	Sales	0.0	0.29	0.0	0.0	0.0	10	5	0.0	0.0	0.0	0
958	3	239.645	102.434	255.694	107.672	Office	0.0	0.46	0.0	0.0	0.0	12	6	0.0	0.0	0.0	0
959	3	289.68	102.168	322.44	108.954	Millennium	0.0	0.56	0.0	0.0	0.0	442	10	0.0	0.0	0.0	0
960	3	324.627	102.168	361.067	108.954	Philadelphia	0.0	0.7	0.0	0.0	0.0	217	12	0.0	0.0	0.0	0
961	3	28.199	111.408	65.734	119.85	Crossroads	0.0	0.71	0.0	0.0	0.0	607	10	0.0	0.0	0.0	0
962	3	67.796	111.408	125.06	119.85	Media-Alexandria	0.0	0.5	0.0	0.0	0.0	6096	16	0.0	0.0	0.0	0
963	3	223.68	114.794	239.59	120.032	Buyer	0.0	0.46	0.0	0.0	0.0	326	5	0.0	0.0	0.0	0
964	3	241.204	114.794	257.025	120.032	Name	0.0	0.47	0.0	0.0	0.0	110	4	0.0	0.0	0.0	0
965	3	289.68	113.928	341.239	120.714	Maron,Stephanie	0.0	0.47	0.0	0.0	0.0	8887	15	0.0	0.0	0.0	0
966	3	447.96	110.234	480.948	115.472	Commission	0.0	0.47	0.0	0.0	0.0	83	10	0.0	0.0	0.0	0
967	3	504.36	110.568	521.851	117.354	15.00	0.0	0.37	0.0	0.0	0.57	0	5	0.8	1.0	2.7725887	0
968	3	38.398	122.088	57.56	130.53	Canal	0.0	0.35	0.0	0.0	0.0	622	5	0.0	0.0	0.0	0
969	3	59.637	122.088	81.659	130.53	Center	0.0	0.35	0.0	0.0	0.0	403	6	0.0	0.0	0.0	0
970	3	83.638	122.088	102.147	130.53	Plaza	0.0	0.35	0.0	0.0	0.0	616	5	0.0	0.0	0.0	0
971	3	223.68	125.594	253.589	130.832	Phone/Fax	0.0	0.33	0.0	0.0	0.0	680	9	0.0	0.0	0.0	0
972	3	447.96	123.434	480.948	128.672	Commission	0.0	0.36	0.0	0.0	0.0	83	10	0.0	0.0	0.0	0
973	3	504.36	123.768	539.376	130.554	$21,405.00	0.0	0.29	0.0	0.0	0.71	0	10	0.7	1.0	9.971427	0
974	3	28.199	132.768	39.272	141.21	Ste	0.0	0.29	0.0	0.0	0.0	344	3	0.0	0.0	0.0	0
975	3	41.28	132.768	53.55	141.21	555	0.0	0.27	0.0	0.0	0.4	0	3	1.0	1.0	6.3207684	0
976	3	223.68	137.594	234.203	142.832	CPE	0.0	0.15	0.0	0.0	0.0	411	3	0.0	0.0	0.0	0
977	3	289.68	138.288	325.648	145.074	11/27/1088	0.0	0.12	0.0	0.0	0.0	0	10	0.8	0.0	0.0	0
978	3	447.96	136.634	457.654	141.872	Net	0.0	0.21	0.0	0.0	0.0	14	3	0.0	0.0	0.0	0
979	3	459.247	136.634	473.122	141.872	Total	0.0	0.26	0.0	0.0	0.0	106	5	0.0	0.0	0.0	0
980	3	504.36	136.968	543.216	143.754	$121,295.00	0.0	0.29	0.0	0.0	0.56	0	11	0.72727275	1.0	11.705989	0
981	3	28.204	143.448	65.051	151.89	Alexandria,	0.0	0.39	0.0	0.0	0.0	220	11	0.0	0.0	0.0	0
982	3	80.996	143.448	101.426	151.89	22314	0.0	0.33	0.0	0.0	0.59	0	5	1.0	1.0	10.013015	0
983	3	223.682	149.594	245.726	154.832	Account	0.0	0.28	0.0	0.0	0.0	15	7	0.0	0.0	0.0	0
984	3	247.318	149.594	263.183	154.832	Types	0.0	0.26	0.0	0.0	0.0	596	5	0.0	0.0	0.0	0
985	3	289.68	149.928	340.362	156.714	National/Political	0.0	0.32	0.0	0.0	0.0	724	18	0.0	0.0	0.0	0
986	3	342.492	149.928	358.878	156.714	Issue	0.0	0.38	0.0	0.0	0.0	343	5	0.0	0.0	0.0	0
987	3	361.094	149.928	383.405	156.714	Agency	0.0	0.44	0.0	0.0	0.0	2	6	0.0	0.0	0.0	0
988	3	385.576	149.928	398.704	156.714	BRD	0.0	0.44	0.0	0.0	0.0	958	3	0.0	0.0	0.0	0
989	3	447.959	148.154	462.388	153.392	Sales	0.0	0.44	0.0	0.0	0.0	10	5	0.0	0.0	0.0	0
990	3	463.924	148.154	473.795	153.392	Tax	0.0	0.4	0.0	0.0	0.0	319	3	0.0	0.0	0.0	0
991	3	223.68	161.594	241.007	166.832	Billing	0.0	0.3	0.0	0.0	0.0	11	7	0.0	0.0	0.0	0
992	3	242.522	161.594	255.574	166.832	Type	0.0	0.35	0.0	0.0	0.0	45	4	0.0	0.0	0.0	0
993	3	289.68	161.928	317.055	168.714	Standard	0.0	0.69	0.0	0.0	0.0	414	8	0.0	0.0	0.0	0
994	3	223.68	173.354	252.75	178.592	Comments	0.0	0.82	0.0	0.0	0.0	361	8	0.0	0.0	0.0	0
995	3	289.682	173.466	314.153	179.316	American	0.0	1.0	0.0	0.0	0.0	258	8	0.0	0.0	0.0	advertiser
996	3	316.084	173.466	344.922	179.316	Crossroads	0.0	1.0	0.0	0.0	0.0	607	10	0.0	0.0	0.0	advertiser
997	3	289.682	180.666	318.54	186.516	AMERICAN	0.0	1.0	0.0	0.0	0.0	258	8	0.0	0.0	0.0	advertiser
998	3	320.411	180.666	357.612	186.516	CROSSROADS	0.0	1.0	0.0	0.0	0.0	607	10	0.0	0.0	0.0	advertiser
999	3	25.08	291.425	35.929	297.275	Line	0.0	0.9	0.0	0.0	0.0	89	4	0.0	0.0	0.0	0
1000	3	54.6	291.425	65.449	297.275	Line	0.0	0.82	0.0	0.0	0.0	89	4	0.0	0.0	0.0	0
1001	3	67.331	291.425	80.332	297.275	Type	0.0	0.5	0.0	0.0	0.0	45	4	0.0	0.0	0.0	0
1002	3	86.411	291.425	101.279	297.275	Break	0.0	0.19	0.0	0.0	0.0	68	5	0.0	0.0	0.0	0
1003	3	103.211	291.425	116.212	297.275	Type	0.0	0.19	0.0	0.0	0.0	45	4	0.0	0.0	0.0	0
1004	3	118.21	291.425	129.243	297.275	(Ref	0.0	0.25	0.0	0.0	0.0	63	4	0.0	0.0	0.0	0
1005	3	176.16	291.545	191.195	297.395	Dates	0.0	0.31	0.0	0.0	0.0	18	5	0.0	0.0	0.0	0
1006	3	220.44	291.545	229.688	297.395	Sec	0.0	0.31	0.0	0.0	0.0	603	3	0.0	0.0	0.0	0
1007	3	236.64	291.545	254.875	297.395	Length	0.0	0.29	0.0	0.0	0.0	56	6	0.0	0.0	0.0	0
1008	3	284.4	291.305	294.838	297.155	Run	0.0	0.32	0.0	0.0	0.0	325	3	0.0	0.0	0.0	0
1009	3	296.772	291.305	312.412	297.155	Times	0.0	0.36	0.0	0.0	0.0	538	5	0.0	0.0	0.0	0
1010	3	339.36	291.425	351.499	297.275	SPW	0.0	0.36	0.0	0.0	0.0	468	3	0.0	0.0	0.0	0
1011	3	453.722	291.785	468.402	297.635	Spots	0.0	0.32	0.0	0.0	0.0	4	5	0.0	0.0	0.0	0
1012	3	485.279	291.785	497.322	297.635	Rate	0.0	0.32	0.0	0.0	0.0	13	4	0.0	0.0	0.0	0
1013	3	536.282	291.785	549.534	297.635	Total	0.0	0.31	0.0	0.0	0.0	106	5	0.0	0.0	0.0	0
1014	3	610.079	291.785	628.551	297.635	Station	0.0	0.31	0.0	0.0	0.0	57	7	0.0	0.0	0.0	0
1015	3	690.479	291.785	718.602	297.635	Comments	0.0	0.31	0.0	0.0	0.0	361	8	0.0	0.0	0.0	0
1016	3	747.599	291.785	768.076	297.635	Entered	0.0	0.25	0.0	0.0	0.0	598	7	0.0	0.0	0.0	0
1017	3	31.799	303.906	63.773	309.756	37.0Normal	0.0	0.21	0.0	0.0	0.0	461	10	0.3	0.0	0.0	0
1018	3	65.642	303.906	76.492	309.756	Line	0.0	0.21	0.0	0.0	0.0	89	4	0.0	0.0	0.0	0
1019	3	82.572	303.906	97.006	309.756	SPOT	0.0	0.16	0.0	0.0	0.0	133	4	0.0	0.0	0.0	0
1020	3	149.159	303.905	199.479	309.755	10/12/12-10/12/12	0.0	0.09	0.0	0.0	0.0	0	17	0.7058824	0.0	0.0	0
1021	3	250.08	303.905	286.466	309.756	:304:00:30P-	0.0	0.11	0.0	0.0	0.0	27	12	0.5833333	0.0	0.0	0
1022	3	288.366	303.905	301.489	309.755	Katie	0.0	0.17	0.0	0.0	0.0	445	5	0.0	0.0	0.0	0
1023	3	490.679	303.786	511.966	309.636	$700.00	0.0	0.23	0.0	0.0	0.8	0	7	0.71428573	1.0	6.552508	0
1024	3	550.92	303.786	597.29	309.756	$700.00Asheville	0.0	0.27	0.0	0.0	0.0	2054	16	0.3125	0.0	0.0	0
1025	3	599.169	303.906	619.718	309.756	(WLOS)	0.0	0.29	0.0	0.0	0.0	1973	6	0.0	0.0	0.0	0
1026	3	666.72	303.906	682.935	309.756	KATIE	0.0	0.34	0.0	0.0	0.0	445	5	0.0	0.0	0.0	0
1027	3	684.845	303.906	706.227	309.756	COURIC	0.0	0.34	0.0	0.0	0.0	1450	6	0.0	0.0	0.0	0
1028	3	743.76	303.906	764.56	309.756	10/5/12	0.0	0.28	0.0	0.0	0.0	0	7	0.71428573	0.0	0.0	0
1029	3	31.799	316.026	63.773	321.876	38.0Normal	0.0	0.26	0.0	0.0	0.0	461	10	0.3	0.0	0.0	0
1030	3	65.642	316.026	76.492	321.876	Line	0.0	0.22	0.0	0.0	0.0	89	4	0.0	0.0	0.0	0
1031	3	82.572	316.026	97.006	321.876	SPOT	0.0	0.16	0.0	0.0	0.0	133	4	0.0	0.0	0.0	0
1032	3	149.16	316.026	199.479	321.876	10/15/12-10/15/12	0.0	0.09	0.0	0.0	0.0	0	17	0.7058824	0.0	0.0	0
1033	3	250.08	316.026	286.467	321.876	:304:00:30P-	0.0	0.11	0.0	0.0	0.0	27	12	0.5833333	0.0	0.0	0
1034	3	288.366	316.026	301.49	321.876	Katie	0.0	0.17	0.0	0.0	0.0	445	5	0.0	0.0	0.0	0
1035	3	490.679	315.906	511.966	321.756	$700.00	0.0	0.23	0.0	0.0	0.8	0	7	0.71428573	1.0	6.552508	0
1036	3	550.92	315.906	597.29	321.876	$700.00Asheville	0.0	0.27	0.0	0.0	0.0	2054	16	0.3125	0.0	0.0	0
1037	3	599.169	316.026	619.718	321.876	(WLOS)	0.0	0.29	0.0	0.0	0.0	1973	6	0.0	0.0	0.0	0
1038	3	666.72	316.026	682.935	321.876	KATIE	0.0	0.34	0.0	0.0	0.0	445	5	0.0	0.0	0.0	0
1039	3	684.845	316.026	706.227	321.876	COURIC	0.0	0.34	0.0	0.0	0.0	1450	6	0.0	0.0	0.0	0
1040	3	743.76	316.026	764.56	321.876	10/5/12	0.0	0.28	0.0	0.0	0.0	0	7	0.71428573	0.0	0.0	0
1041	3	31.799	328.146	63.773	333.996	39.0Normal	0.0	0.26	0.0	0.0	0.0	461	10	0.3	0.0	0.0	0
1042	3	65.642	328.146	76.492	333.996	Line	0.0	0.22	0.0	0.0	0.0	89	4	0.0	0.0	0.0	0
1043	3	82.572	328.146	96.767	333.996	News	0.0	0.22	0.0	0.0	0.0	17	4	0.0	0.0	0.0	0
1044	3	149.16	328.146	199.479	333.996	10/09/12-10/09/12	0.0	0.14	0.0	0.0	0.0	0	17	0.7058824	0.0	0.0	0
1045	3	250.08	328.146	277.823	333.996	:304:59P-	0.0	0.17	0.0	0.0	0.0	27	9	0.5555556	0.0	0.0	0
1046	3	279.722	328.146	310.227	333.996	News-News	0.0	0.22	0.0	0.0	0.0	1514	9	0.0	0.0	0.0	0
1047	3	320.512	328.146	331.756	333.996	First	0.0	0.18	0.0	0.0	0.0	491	5	0.0	0.0	0.0	0
1048	3	485.639	328.026	511.968	333.876	$2,400.00	0.0	0.21	0.0	0.0	0.75	0	9	0.6666667	1.0	7.7836404	0
1049	3	545.88	328.026	597.29	333.996	$2,400.00Asheville	0.0	0.27	0.0	0.0	0.0	2054	18	0.33333334	0.0	0.0	0
1050	3	599.169	328.146	619.718	333.996	(WLOS)	0.0	0.27	0.0	0.0	0.0	1973	6	0.0	0.0	0.0	0
1051	3	666.72	328.146	682.712	333.996	FIRST	0.0	0.27	0.0	0.0	0.0	491	5	0.0	0.0	0.0	0
1052	3	684.601	328.146	700.667	333.996	NEWS	0.0	0.27	0.0	0.0	0.0	17	4	0.0	0.0	0.0	0
1053	3	743.76	328.146	764.56	333.996	10/5/12	0.0	0.19	0.0	0.0	0.0	0	7	0.71428573	0.0	0.0	0
1054	3	260.4	335.346	274.594	341.196	News	0.0	0.19	0.0	0.0	0.0	17	4	0.0	0.0	0.0	0
1055	3	31.799	345.906	63.773	351.756	40.0Normal	0.0	0.22	0.0	0.0	0.0	461	10	0.3	0.0	0.0	0
1056	3	65.642	345.906	76.492	351.756	Line	0.0	0.22	0.0	0.0	0.0	89	4	0.0	0.0	0.0	0
1057	3	82.572	345.906	96.767	351.756	News	0.0	0.22	0.0	0.0	0.0	17	4	0.0	0.0	0.0	0
1058	3	149.16	345.906	199.479	351.756	10/10/12-10/10/12	0.0	0.14	0.0	0.0	0.0	0	17	0.7058824	0.0	0.0	0
1059	3	250.08	345.906	277.823	351.756	:304:59P-	0.0	0.17	0.0	0.0	0.0	27	9	0.5555556	0.0	0.0	0
1060	3	279.722	345.906	310.227	351.756	News-News	0.0	0.22	0.0	0.0	0.0	1514	9	0.0	0.0	0.0	0
1061	3	320.512	345.906	331.756	351.756	First	0.0	0.18	0.0	0.0	0.0	491	5	0.0	0.0	0.0	0
1062	3	485.639	345.786	511.968	351.636	$2,400.00	0.0	0.21	0.0	0.0	0.75	0	9	0.6666667	1.0	7.7836404	0
1063	3	545.88	345.786	597.29	351.756	$2,400.00Asheville	0.0	0.27	0.0	0.0	0.0	2054	18	0.33333334	0.0	0.0	0
1064	3	599.169	345.906	619.718	351.756	(WLOS)	0.0	0.27	0.0	0.0	0.0	1973	6	0.0	0.0	0.0	0
1065	3	666.72	345.906	682.712	351.756	FIRST	0.0	0.27	0.0	0.0	0.0	491	5	0.0	0.0	0.0	0
1066	3	684.601	345.906	700.667	351.756	NEWS	0.0	0.27	0.0	0.0	0.0	17	4	0.0	0.0	0.0	0
1067	3	743.76	345.906	764.56	351.756	10/5/12	0.0	0.19	0.0	0.0	0.0	0	7	0.71428573	0.0	0.0	0
1068	3	260.4	353.106	274.594	358.956	News	0.0	0.19	0.0	0.0	0.0	17	4	0.0	0.0	0.0	0
1069	3	31.799	363.666	63.773	369.516	41.0Normal	0.0	0.22	0.0	0.0	0.0	461	10	0.3	0.0	0.0	0
1070	3	65.642	363.666	76.492	369.516	Line	0.0	0.22	0.0	0.0	0.0	89	4	0.0	0.0	0.0	0
1071	3	82.572	363.666	96.767	369.516	News	0.0	0.22	0.0	0.0	0.0	17	4	0.0	0.0	0.0	0
1072	3	149.16	363.666	199.479	369.516	10/11/12-10/11/12	0.0	0.14	0.0	0.0	0.0	0	17	0.7058824	0.0	0.0	0
1073	3	250.08	363.666	277.823	369.516	:304:59P-	0.0	0.17	0.0	0.0	0.0	27	9	0.5555556	0.0	0.0	0
1074	3	279.722	363.666	310.227	369.516	News-News	0.0	0.22	0.0	0.0	0.0	1514	9	0.0	0.0	0.0	0
1075	3	320.512	363.666	331.756	369.516	First	0.0	0.18	0.0	0.0	0.0	491	5	0.0	0.0	0.0	0
1076	3	485.639	363.666	511.968	369.516	$2,400.00	0.0	0.21	0.0	0.0	0.75	0	9	0.6666667	1.0	7.7836404	0
1077	3	545.88	363.666	597.29	369.516	$2,400.00Asheville	0.0	0.27	0.0	0.0	0.0	2054	18	0.33333334	0.0	0.0	0
1078	3	599.169	363.666	619.718	369.516	(WLOS)	0.0	0.27	0.0	0.0	0.0	1973	6	0.0	0.0	0.0	0
1079	3	666.72	363.666	682.712	369.516	FIRST	0.0	0.27	0.0	0.0	0.0	491	5	0.0	0.0	0.0	0
1080	3	684.601	363.666	700.667	369.516	NEWS	0.0	0.27	0.0	0.0	0.0	17	4	0.0	0.0	0.0	0
1081	3	743.76	363.666	764.56	369.516	10/5/12	0.0	0.19	0.0	0.0	0.0	0	7	0.71428573	0.0	0.0	0
1082	3	260.4	370.866	274.594	376.716	News	0.0	0.19	0.0	0.0	0.0	17	4	0.0	0.0	0.0	0
1083	3	31.799	381.546	63.773	387.396	42.0Normal	0.0	0.22	0.0	0.0	0.0	461	10	0.3	0.0	0.0	0
1084	3	65.642	381.546	76.492	387.396	Line	0.0	0.22	0.0	0.0	0.0	89	4	0.0	0.0	0.0	0
1085	3	82.572	381.546	96.767	387.396	News	0.0	0.22	0.0	0.0	0.0	17	4	0.0	0.0	0.0	0
1086	3	149.16	381.546	199.479	387.396	10/12/12-10/12/12	0.0	0.14	0.0	0.0	0.0	0	17	0.7058824	0.0	0.0	0
1087	3	250.08	381.546	277.823	387.396	:304:59P-	0.0	0.17	0.0	0.0	0.0	27	9	0.5555556	0.0	0.0	0
1088	3	279.722	381.546	310.227	387.396	News-News	0.0	0.22	0.0	0.0	0.0	1514	9	0.0	0.0	0.0	0
1089	3	320.512	381.546	331.756	387.396	First	0.0	0.18	0.0	0.0	0.0	491	5	0.0	0.0	0.0	0
1090	3	485.639	381.426	511.968	387.276	$2,400.00	0.0	0.21	0.0	0.0	0.75	0	9	0.6666667	1.0	7.7836404	0
1091	3	545.88	381.426	597.29	387.396	$2,400.00Asheville	0.0	0.27	0.0	0.0	0.0	2054	18	0.33333334	0.0	0.0	0
1092	3	599.169	381.546	619.718	387.396	(WLOS)	0.0	0.27	0.0	0.0	0.0	1973	6	0.0	0.0	0.0	0
1093	3	666.72	381.546	682.712	387.396	FIRST	0.0	0.27	0.0	0.0	0.0	491	5	0.0	0.0	0.0	0
1094	3	684.601	381.546	700.667	387.396	NEWS	0.0	0.27	0.0	0.0	0.0	17	4	0.0	0.0	0.0	0
1095	3	743.76	381.546	764.56	387.396	10/5/12	0.0	0.19	0.0	0.0	0.0	0	7	0.71428573	0.0	0.0	0
1096	3	260.4	388.746	274.594	394.596	News	0.0	0.19	0.0	0.0	0.0	17	4	0.0	0.0	0.0	0
1097	3	31.799	399.306	63.773	405.156	43.0Normal	0.0	0.22	0.0	0.0	0.0	461	10	0.3	0.0	0.0	0
1098	3	65.642	399.306	76.492	405.156	Line	0.0	0.22	0.0	0.0	0.0	89	4	0.0	0.0	0.0	0
1099	3	82.572	399.306	96.767	405.156	News	0.0	0.22	0.0	0.0	0.0	17	4	0.0	0.0	0.0	0
1100	3	149.16	399.306	199.479	405.156	10/15/12-10/15/12	0.0	0.14	0.0	0.0	0.0	0	17	0.7058824	0.0	0.0	0
1101	3	250.08	399.306	277.823	405.156	:304:59P-	0.0	0.17	0.0	0.0	0.0	27	9	0.5555556	0.0	0.0	0
1102	3	279.722	399.306	310.227	405.156	News-News	0.0	0.22	0.0	0.0	0.0	1514	9	0.0	0.0	0.0	0
1103	3	320.512	399.306	331.756	405.156	First	0.0	0.18	0.0	0.0	0.0	491	5	0.0	0.0	0.0	0
1104	3	485.639	399.186	511.968	405.036	$2,400.00	0.0	0.21	0.0	0.0	0.75	0	9	0.6666667	1.0	7.7836404	0
1105	3	545.88	399.186	597.29	405.156	$2,400.00Asheville	0.0	0.27	0.0	0.0	0.0	2054	18	0.33333334	0.0	0.0	0
1106	3	599.169	399.306	619.718	405.156	(WLOS)	0.0	0.27	0.0	0.0	0.0	1973	6	0.0	0.0	0.0	0
1107	3	666.72	399.306	682.712	405.156	FIRST	0.0	0.27	0.0	0.0	0.0	491	5	0.0	0.0	0.0	0
1108	3	684.601	399.306	700.667	405.156	NEWS	0.0	0.27	0.0	0.0	0.0	17	4	0.0	0.0	0.0	0
1109	3	743.76	399.306	764.56	405.156	10/5/12	0.0	0.19	0.0	0.0	0.0	0	7	0.71428573	0.0	0.0	0
1110	3	260.4	406.506	274.594	412.356	News	0.0	0.19	0.0	0.0	0.0	17	4	0.0	0.0	0.0	0
1111	3	31.799	417.066	63.773	422.916	44.0Normal	0.0	0.22	0.0	0.0	0.0	461	10	0.3	0.0	0.0	0
1112	3	65.642	417.066	76.492	422.916	Line	0.0	0.22	0.0	0.0	0.0	89	4	0.0	0.0	0.0	0
1113	3	82.572	417.066	96.767	422.916	News	0.0	0.22	0.0	0.0	0.0	17	4	0.0	0.0	0.0	0
1114	3	149.16	417.066	199.479	422.916	10/09/12-10/09/12	0.0	0.14	0.0	0.0	0.0	0	17	0.7058824	0.0	0.0	0
1115	3	250.08	417.066	277.823	422.916	:305:28P-	0.0	0.17	0.0	0.0	0.0	27	9	0.5555556	0.0	0.0	0
1116	3	279.722	417.066	310.227	422.916	News-News	0.0	0.22	0.0	0.0	0.0	1514	9	0.0	0.0	0.0	0
1117	3	485.639	417.066	511.968	422.916	$2,800.00	0.0	0.22	0.0	0.0	0.75	0	9	0.6666667	1.0	7.9377317	0
1118	3	545.88	417.066	597.29	422.916	$2,800.00Asheville	0.0	0.26	0.0	0.0	0.0	2054	18	0.33333334	0.0	0.0	0
1119	3	599.169	417.066	619.718	422.916	(WLOS)	0.0	0.26	0.0	0.0	0.0	1973	6	0.0	0.0	0.0	0
1120	3	666.72	417.066	682.786	422.916	NEWS	0.0	0.26	0.0	0.0	0.0	17	4	0.0	0.0	0.0	0
1121	3	743.76	417.066	764.56	422.916	10/5/12	0.0	0.23	0.0	0.0	0.0	0	7	0.71428573	0.0	0.0	0
1122	3	260.4	424.266	275.609	430.116	5:30p	0.0	0.15	0.0	0.0	0.0	27	5	0.6	0.0	0.0	0
1123	3	31.799	434.946	63.773	440.796	45.0Normal	0.0	0.22	0.0	0.0	0.0	461	10	0.3	0.0	0.0	0
1124	3	65.642	434.946	76.492	440.796	Line	0.0	0.22	0.0	0.0	0.0	89	4	0.0	0.0	0.0	0
1125	3	82.572	434.946	96.767	440.796	News	0.0	0.22	0.0	0.0	0.0	17	4	0.0	0.0	0.0	0
1126	3	149.16	434.946	199.479	440.796	10/10/12-10/10/12	0.0	0.14	0.0	0.0	0.0	0	17	0.7058824	0.0	0.0	0
1127	3	250.08	434.946	277.823	440.796	:305:28P-	0.0	0.17	0.0	0.0	0.0	27	9	0.5555556	0.0	0.0	0
1128	3	279.722	434.946	310.227	440.796	News-News	0.0	0.22	0.0	0.0	0.0	1514	9	0.0	0.0	0.0	0
1129	3	485.639	434.826	511.968	440.676	$2,800.00	0.0	0.22	0.0	0.0	0.75	0	9	0.6666667	1.0	7.9377317	0
1130	3	545.88	434.826	597.29	440.796	$2,800.00Asheville	0.0	0.26	0.0	0.0	0.0	2054	18	0.33333334	0.0	0.0	0
1131	3	599.169	434.946	619.718	440.796	(WLOS)	0.0	0.26	0.0	0.0	0.0	1973	6	0.0	0.0	0.0	0
1132	3	666.72	434.946	682.786	440.796	NEWS	0.0	0.26	0.0	0.0	0.0	17	4	0.0	0.0	0.0	0
1133	3	743.76	434.946	764.56	440.796	10/5/12	0.0	0.23	0.0	0.0	0.0	0	7	0.71428573	0.0	0.0	0
1134	3	260.4	442.146	275.609	447.996	5:30p	0.0	0.15	0.0	0.0	0.0	27	5	0.6	0.0	0.0	0
1135	3	31.799	452.706	63.773	458.556	46.0Normal	0.0	0.22	0.0	0.0	0.0	461	10	0.3	0.0	0.0	0
1136	3	65.642	452.706	76.492	458.556	Line	0.0	0.22	0.0	0.0	0.0	89	4	0.0	0.0	0.0	0
1137	3	82.572	452.706	96.767	458.556	News	0.0	0.22	0.0	0.0	0.0	17	4	0.0	0.0	0.0	0
1138	3	149.16	452.706	199.479	458.556	10/11/12-10/11/12	0.0	0.14	0.0	0.0	0.0	0	17	0.7058824	0.0	0.0	0
1139	3	250.08	452.706	277.823	458.556	:305:28P-	0.0	0.17	0.0	0.0	0.0	27	9	0.5555556	0.0	0.0	0
1140	3	279.722	452.706	310.227	458.556	News-News	0.0	0.22	0.0	0.0	0.0	1514	9	0.0	0.0	0.0	0
1141	3	485.639	452.586	511.968	458.436	$2,800.00	0.0	0.22	0.0	0.0	0.75	0	9	0.6666667	1.0	7.9377317	0
1142	3	545.88	452.586	597.29	458.556	$2,800.00Asheville	0.0	0.26	0.0	0.0	0.0	2054	18	0.33333334	0.0	0.0	0
1143	3	599.169	452.706	619.718	458.556	(WLOS)	0.0	0.26	0.0	0.0	0.0	1973	6	0.0	0.0	0.0	0
1144	3	666.72	452.706	682.786	458.556	NEWS	0.0	0.26	0.0	0.0	0.0	17	4	0.0	0.0	0.0	0
1145	3	743.76	452.706	764.56	458.556	10/5/12	0.0	0.24	0.0	0.0	0.0	0	7	0.71428573	0.0	0.0	0
1146	3	260.4	459.906	275.609	465.756	5:30p	0.0	0.28	0.0	0.0	0.0	27	5	0.6	0.0	0.0	0
1147	3	309.36	475.703	405.715	485.33	CONFIRMATION	0.0	0.32	0.0	0.0	0.0	342	12	0.0	0.0	0.0	0
1148	3	409.2	475.703	479.314	485.33	CONTRACT	0.0	0.32	0.0	0.0	0.0	53	8	0.0	0.0	0.0	0
1149	3	18.243	491.789	99.078	497.99	Accepted-Agency/Advertiser:	0.0	0.22	0.0	0.0	0.0	746	27	0.0	0.0	0.0	0
1150	3	236.399	491.789	251.849	497.99	Date:	0.0	0.22	0.0	0.0	0.0	8	5	0.0	0.0	0.0	0
1151	3	302.399	491.789	352.162	497.99	Accepted-Station:	0.0	0.23	0.0	0.0	0.0	731	17	0.0	0.0	0.0	0
1152	3	476.399	490.949	491.849	497.15	Date:	0.0	0.33	0.0	0.0	0.0	8	5	0.0	0.0	0.0	0
1153	3	533.156	490.949	565.532	497.15	Comments:	0.0	0.33	0.0	0.0	0.0	361	9	0.0	0.0	0.0	0
1154	3	14.399	575.789	24.09	581.99	B/E	0.0	0.33	0.0	0.0	0.0	124	3	0.0	0.0	0.0	0
1155	3	26.158	575.789	50.44	581.99	Bookend	0.0	0.33	0.0	0.0	0.0	669	7	0.0	0.0	0.0	0
1156	3	56.527	575.789	66.157	581.99	P/B	0.0	0.3	0.0	0.0	0.0	629	3	0.0	0.0	0.0	0
1157	3	68.164	575.789	83.222	581.99	Piggy	0.0	0.15	0.0	0.0	0.0	694	5	0.0	0.0	0.0	0
1158	3	85.212	575.789	98.341	581.99	Back	0.0	0.21	0.0	0.0	0.0	665	4	0.0	0.0	0.0	0
1159	3	740.04	581.928	754.988	588.714	Page	0.0	0.24	0.0	0.0	0.0	7	4	0.0	0.0	0.0	0
1160	3	14.399	588.177	39.25	596.016	Printed	0.0	0.32	0.0	0.0	0.0	159	7	0.0	0.0	0.0	0
1161	3	41.765	588.177	52.052	596.016	At:	0.0	0.21	0.0	0.0	0.0	74	3	0.0	0.0	0.0	0
1162	3	54.609	588.177	75.213	596.016	12:13	0.0	0.2	0.0	0.0	0.0	0	5	0.8	0.0	0.0	0
1163	3	102.278	588.177	134.235	596.016	Tuesday,	0.0	0.18	0.0	0.0	0.0	354	8	0.0	0.0	0.0	0
1164	3	136.721	588.177	164.577	596.016	October	0.0	0.26	0.0	0.0	0.0	191	7	0.0	0.0	0.0	0
1165	3	176.567	588.177	194.287	596.016	2012	0.0	0.26	0.0	0.0	0.62	0	4	1.0	1.0	7.6073813	0
1166	4	223.68	16.51	266.592	26.171	Contract	0.0	0.26	0.0	0.0	0.0	53	8	0.0	0.0	0.0	0
1167	4	289.68	16.765	339.224	27.474	1389462	0.0	0.22	0.0	0.0	0.63	0	7	1.0	1.0	14.144428	0
1168	4	447.96	18.674	460.776	23.912	Date	0.0	0.28	0.0	0.0	0.0	8	4	0.0	0.0	0.0	0
1169	4	462.364	18.674	483.772	23.912	Entered	0.0	0.28	0.0	0.0	0.0	598	7	0.0	0.0	0.0	0
1170	4	503.76	19.007	532.046	25.793	10/05/12	0.0	0.29	0.0	0.0	0.0	0	8	0.75	0.0	0.0	0
1171	4	608.283	17.842	639.915	24.593	Asheville	0.0	0.35	0.0	0.0	0.0	2054	9	0.0	0.0	0.0	0
1172	4	641.895	17.842	669.178	24.593	(WLOS)	0.0	0.35	0.0	0.0	0.0	1973	6	0.0	0.0	0.0	0
1173	4	223.68	29.594	248.489	34.832	Schedule	0.0	0.35	0.0	0.0	0.0	387	8	0.0	0.0	0.0	0
1174	4	250.077	29.594	265.707	34.832	Dates	0.0	0.35	0.0	0.0	0.0	18	5	0.0	0.0	0.0	0
1175	4	289.68	29.927	348.804	36.713	10/09/12-10/15/12	0.0	0.19	0.0	0.0	0.0	0	17	0.7058824	0.0	0.0	0
1176	4	447.96	30.194	459.333	35.432	Last	0.0	0.27	0.0	0.0	0.0	330	4	0.0	0.0	0.0	0
1177	4	460.925	30.194	484.486	35.432	Modified	0.0	0.31	0.0	0.0	0.0	645	8	0.0	0.0	0.0	0
1178	4	503.76	30.527	532.046	37.313	10/05/12	0.0	0.31	0.0	0.0	0.0	0	8	0.75	0.0	0.0	0
1179	4	618.0	27.407	648.163	34.193	Broadcast	0.0	0.37	0.0	0.0	0.0	41	9	0.0	0.0	0.0	0
1180	4	650.274	27.407	669.528	34.193	Month	0.0	0.38	0.0	0.0	0.0	52	5	0.0	0.0	0.0	0
1181	4	678.6	27.3	696.519	33.47	Spots	0.0	0.38	0.0	0.0	0.0	4	5	0.0	0.0	0.0	0
1182	4	747.12	27.3	761.949	33.47	Rate	0.0	0.38	0.0	0.0	0.0	13	4	0.0	0.0	0.0	0
1183	4	608.28	37.367	620.83	44.153	Oct.	0.0	0.33	0.0	0.0	0.0	464	4	0.0	0.0	0.0	0
1184	4	625.206	37.367	640.535	44.153	2012	0.0	0.23	0.0	0.0	0.62	0	4	1.0	1.0	7.6073813	0
1185	4	720.361	37.367	759.218	44.153	$142,700.00	0.0	0.19	0.0	0.0	1.0	0	11	0.72727275	1.0	11.868506	gross_amount
1186	4	115.44	43.367	137.171	51.809	WLOS	0.0	0.33	0.0	0.0	0.0	1973	4	0.0	0.0	0.0	0
1187	4	139.204	43.367	168.865	51.809	Asheville	0.0	0.65	0.0	0.0	0.0	2054	9	0.0	0.0	0.0	0
1188	4	223.682	40.775	254.862	46.595	Advertiser	0.0	0.78	0.0	0.0	0.0	6	10	0.0	0.0	0.0	0
1189	4	289.683	41.208	318.291	47.994	American	0.0	1.0	0.0	0.0	0.0	258	8	0.0	0.0	0.0	advertiser
1190	4	320.406	41.208	354.113	47.994	Crossroads	0.0	1.0	0.0	0.0	0.0	607	10	0.0	0.0	0.0	advertiser
1191	4	356.284	41.208	380.8	47.994	(41509)	0.0	0.84	0.0	0.0	0.0	0	7	0.71428573	0.0	0.0	0
1192	4	447.96	41.834	469.368	47.072	Entered	0.0	0.72	0.0	0.0	0.0	598	7	0.0	0.0	0.0	0
1193	4	503.76	40.487	523.275	47.273	Louise	0.0	0.37	0.0	0.0	0.0	2342	6	0.0	0.0	0.0	0
1194	4	525.488	40.487	546.599	47.273	Palmer	0.0	0.43	0.0	0.0	0.0	2399	6	0.0	0.0	0.0	0
1195	4	115.44	53.927	127.711	62.369	110	0.0	0.43	0.0	0.0	0.67	0	3	1.0	1.0	4.7095304	0
1196	4	129.718	53.927	167.85	62.369	Technology	0.0	0.57	0.0	0.0	0.0	1861	10	0.0	0.0	0.0	0
1197	4	223.682	53.015	245.503	58.835	Agency	0.0	0.76	0.0	0.0	0.0	2	6	0.0	0.0	0.0	0
1198	4	289.68	53.928	323.387	60.714	Crossroads	0.0	0.76	0.0	0.0	0.0	607	10	0.0	0.0	0.0	0
1199	4	325.558	53.928	378.193	60.714	Media-Alexandria	0.0	0.52	0.0	0.0	0.0	6096	16	0.0	0.0	0.0	0
1200	4	380.296	53.928	400.971	60.714	(2097)	0.0	0.46	0.0	0.0	0.0	0	6	0.6666667	0.0	0.0	0
1201	4	447.96	53.354	465.79	58.592	CO-OP	0.0	0.36	0.0	0.0	0.0	675	5	0.0	0.0	0.0	0
1202	4	608.28	49.109	625.241	55.31	Grand	0.0	0.35	0.0	0.0	0.0	503	5	0.0	0.0	0.0	0
1203	4	627.246	49.109	643.659	55.31	Total:	0.0	0.34	0.0	0.0	0.0	106	6	0.0	0.0	0.0	0
1204	4	720.36	50.687	759.216	57.473	$142,700.00	0.0	0.24	0.0	0.0	1.0	0	11	0.72727275	1.0	11.868506	gross_amount
1205	4	115.444	64.607	147.129	73.049	Asheville,	0.0	0.38	0.0	0.0	0.0	2054	10	0.0	0.0	0.0	0
1206	4	163.796	64.607	184.226	73.049	28803	0.0	0.38	0.0	0.0	0.59	0	5	1.0	1.0	10.26827	0
1207	4	223.68	65.594	245.006	70.832	Product	0.0	0.38	0.0	0.0	0.0	5	7	0.0	0.0	0.0	0
1208	4	289.68	65.927	323.162	72.713	POLITICAL	0.0	0.28	0.0	0.0	0.0	160	9	0.0	0.0	0.0	0
1209	4	325.336	65.927	362.61	72.713	CANDIDATE	0.0	0.3	0.0	0.0	0.0	292	9	0.0	0.0	0.0	0
1210	4	364.821	65.927	385.35	72.713	SUPER	0.0	0.33	0.0	0.0	0.0	3441	5	0.0	0.0	0.0	0
1211	4	387.506	65.927	399.737	72.713	PAC	0.0	0.33	0.0	0.0	0.0	617	3	0.0	0.0	0.0	0
1212	4	401.913	65.927	414.186	72.713	(ns)	0.0	0.33	0.0	0.0	0.0	904	4	0.0	0.0	0.0	0
1213	4	416.32	65.927	436.995	72.713	(1386)	0.0	0.28	0.0	0.0	0.0	0	6	0.6666667	0.0	0.0	0
1214	4	447.96	64.874	471.935	70.112	Headline	0.0	0.28	0.0	0.0	0.0	949	8	0.0	0.0	0.0	0
1215	4	503.76	63.527	546.937	70.313	ECR09836778	0.0	0.69	0.0	0.0	0.0	957	11	0.72727275	0.0	0.0	0
1216	4	223.68	77.594	239.926	82.832	Brand	0.0	0.88	0.0	0.0	0.0	366	5	0.0	0.0	0.0	0
1217	4	289.683	77.927	323.264	84.713	AMERICAN	0.0	1.0	0.0	0.0	0.0	258	8	0.0	0.0	0.0	advertiser
1218	4	325.454	77.927	368.592	84.713	CROSSROADS	0.0	1.0	0.0	0.0	0.0	607	10	0.0	0.0	0.0	advertiser
1219	4	370.711	77.927	399.067	84.713	(325849)	0.0	0.82	0.0	0.0	0.0	0	8	0.75	0.0	0.0	0
1220	4	447.959	76.394	463.779	81.632	Demo	0.0	0.75	0.0	0.0	0.0	416	4	0.0	0.0	0.0	0
1221	4	223.68	89.594	256.669	94.832	Salesperson	0.0	0.39	0.0	0.0	0.0	337	11	0.0	0.0	0.0	0
1222	4	289.68	89.927	339.213	96.713	Millennium/PHL,	0.0	0.25	0.0	0.0	0.0	2319	15	0.0	0.0	0.0	0
1223	4	341.426	89.927	377.865	96.713	Philadelphia	0.0	0.25	0.0	0.0	0.0	217	12	0.0	0.0	0.0	0
1224	4	379.969	89.927	400.643	96.713	(1103)	0.0	0.23	0.0	0.0	0.0	0	6	0.6666667	0.0	0.0	0
1225	4	447.959	88.034	463.508	93.272	Order	0.0	0.2	0.0	0.0	0.0	9	5	0.0	0.0	0.0	0
1226	4	465.123	88.034	478.174	93.272	Type	0.0	0.2	0.0	0.0	0.0	45	4	0.0	0.0	0.0	0
1227	4	505.56	88.127	527.673	94.913	Normal	0.0	0.25	0.0	0.0	0.0	461	6	0.0	0.0	0.0	0
1228	4	447.96	98.594	470.734	103.832	Package	0.0	0.29	0.0	0.0	0.0	390	7	0.0	0.0	0.0	0
1229	4	472.323	98.594	484.518	103.832	Deal	0.0	0.29	0.0	0.0	0.0	284	4	0.0	0.0	0.0	0
1230	4	223.68	102.434	238.109	107.672	Sales	0.0	0.29	0.0	0.0	0.0	10	5	0.0	0.0	0.0	0
1231	4	239.645	102.434	255.694	107.672	Office	0.0	0.46	0.0	0.0	0.0	12	6	0.0	0.0	0.0	0
1232	4	289.68	102.168	322.44	108.954	Millennium	0.0	0.56	0.0	0.0	0.0	442	10	0.0	0.0	0.0	0
1233	4	324.627	102.168	361.067	108.954	Philadelphia	0.0	0.7	0.0	0.0	0.0	217	12	0.0	0.0	0.0	0
1234	4	28.199	111.408	65.734	119.85	Crossroads	0.0	0.71	0.0	0.0	0.0	607	10	0.0	0.0	0.0	0
1235	4	67.796	111.408	125.06	119.85	Media-Alexandria	0.0	0.5	0.0	0.0	0.0	6096	16	0.0	0.0	0.0	0
1236	4	223.68	114.794	239.59	120.032	Buyer	0.0	0.46	0.0	0.0	0.0	326	5	0.0	0.0	0.0	0
1237	4	241.204	114.794	257.025	120.032	Name	0.0	0.47	0.0	0.0	0.0	110	4	0.0	0.0	0.0	0
1238	4	289.68	113.928	341.239	120.714	Maron,Stephanie	0.0	0.47	0.0	0.0	0.0	8887	15	0.0	0.0	0.0	0
1239	4	447.96	110.234	480.948	115.472	Commission	0.0	0.47	0.0	0.0	0.0	83	10	0.0	0.0	0.0	0
1240	4	504.36	110.568	521.851	117.354	15.00	0.0	0.37	0.0	0.0	0.57	0	5	0.8	1.0	2.7725887	0
1241	4	38.398	122.088	57.56	130.53	Canal	0.0	0.35	0.0	0.0	0.0	622	5	0.0	0.0	0.0	0
1242	4	59.637	122.088	81.659	130.53	Center	0.0	0.35	0.0	0.0	0.0	403	6	0.0	0.0	0.0	0
1243	4	83.638	122.088	102.147	130.53	Plaza	0.0	0.35	0.0	0.0	0.0	616	5	0.0	0.0	0.0	0
1244	4	223.68	125.594	253.589	130.832	Phone/Fax	0.0	0.33	0.0	0.0	0.0	680	9	0.0	0.0	0.0	0
1245	4	447.96	123.434	480.948	128.672	Commission	0.0	0.36	0.0	0.0	0.0	83	10	0.0	0.0	0.0	0
1246	4	504.36	123.768	539.376	130.554	$21,405.00	0.0	0.29	0.0	0.0	0.71	0	10	0.7	1.0	9.971427	0
1247	4	28.199	132.768	39.272	141.21	Ste	0.0	0.29	0.0	0.0	0.0	344	3	0.0	0.0	0.0	0
1248	4	41.28	132.768	53.55	141.21	555	0.0	0.27	0.0	0.0	0.4	0	3	1.0	1.0	6.3207684	0
1249	4	223.68	137.594	234.203	142.832	CPE	0.0	0.15	0.0	0.0	0.0	411	3	0.0	0.0	0.0	0
1250	4	289.68	138.288	325.648	145.074	11/27/1088	0.0	0.12	0.0	0.0	0.0	0	10	0.8	0.0	0.0	0
1251	4	447.96	136.634	457.654	141.872	Net	0.0	0.21	0.0	0.0	0.0	14	3	0.0	0.0	0.0	0
1252	4	459.247	136.634	473.122	141.872	Total	0.0	0.26	0.0	0.0	0.0	106	5	0.0	0.0	0.0	0
1253	4	504.36	136.968	543.216	143.754	$121,295.00	0.0	0.29	0.0	0.0	0.56	0	11	0.72727275	1.0	11.705989	0
1254	4	28.204	143.448	65.051	151.89	Alexandria,	0.0	0.39	0.0	0.0	0.0	220	11	0.0	0.0	0.0	0
1255	4	80.996	143.448	101.426	151.89	22314	0.0	0.33	0.0	0.0	0.59	0	5	1.0	1.0	10.013015	0
1256	4	223.682	149.594	245.726	154.832	Account	0.0	0.28	0.0	0.0	0.0	15	7	0.0	0.0	0.0	0
1257	4	247.318	149.594	263.183	154.832	Types	0.0	0.26	0.0	0.0	0.0	596	5	0.0	0.0	0.0	0
1258	4	289.68	149.928	340.362	156.714	National/Political	0.0	0.32	0.0	0.0	0.0	724	18	0.0	0.0	0.0	0
1259	4	342.492	149.928	358.878	156.714	Issue	0.0	0.38	0.0	0.0	0.0	343	5	0.0	0.0	0.0	0
1260	4	361.094	149.928	383.405	156.714	Agency	0.0	0.44	0.0	0.0	0.0	2	6	0.0	0.0	0.0	0
1261	4	385.576	149.928	398.704	156.714	BRD	0.0	0.44	0.0	0.0	0.0	958	3	0.0	0.0	0.0	0
1262	4	447.959	148.154	462.388	153.392	Sales	0.0	0.44	0.0	0.0	0.0	10	5	0.0	0.0	0.0	0
1263	4	463.924	148.154	473.795	153.392	Tax	0.0	0.4	0.0	0.0	0.0	319	3	0.0	0.0	0.0	0
1264	4	223.68	161.594	241.007	166.832	Billing	0.0	0.3	0.0	0.0	0.0	11	7	0.0	0.0	0.0	0
1265	4	242.522	161.594	255.574	166.832	Type	0.0	0.35	0.0	0.0	0.0	45	4	0.0	0.0	0.0	0
1266	4	289.68	161.928	317.055	168.714	Standard	0.0	0.69	0.0	0.0	0.0	414	8	0.0	0.0	0.0	0
1267	4	223.68	173.354	252.75	178.592	Comments	0.0	0.82	0.0	0.0	0.0	361	8	0.0	0.0	0.0	0
1268	4	289.682	173.466	314.153	179.316	American	0.0	1.0	0.0	0.0	0.0	258	8	0.0	0.0	0.0	advertiser
1269	4	316.084	173.466	344.922	179.316	Crossroads	0.0	1.0	0.0	0.0	0.0	607	10	0.0	0.0	0.0	advertiser
1270	4	289.682	180.666	318.54	186.516	AMERICAN	0.0	1.0	0.0	0.0	0.0	258	8	0.0	0.0	0.0	advertiser
1271	4	320.411	180.666	357.612	186.516	CROSSROADS	0.0	1.0	0.0	0.0	0.0	607	10	0.0	0.0	0.0	advertiser
1272	4	25.08	291.425	35.929	297.275	Line	0.0	0.9	0.0	0.0	0.0	89	4	0.0	0.0	0.0	0
1273	4	54.6	291.425	65.449	297.275	Line	0.0	0.82	0.0	0.0	0.0	89	4	0.0	0.0	0.0	0
1274	4	67.331	291.425	80.332	297.275	Type	0.0	0.5	0.0	0.0	0.0	45	4	0.0	0.0	0.0	0
1275	4	86.411	291.425	101.279	297.275	Break	0.0	0.19	0.0	0.0	0.0	68	5	0.0	0.0	0.0	0
1276	4	103.211	291.425	116.212	297.275	Type	0.0	0.19	0.0	0.0	0.0	45	4	0.0	0.0	0.0	0
1277	4	118.21	291.425	129.243	297.275	(Ref	0.0	0.25	0.0	0.0	0.0	63	4	0.0	0.0	0.0	0
1278	4	176.16	291.545	191.195	297.395	Dates	0.0	0.31	0.0	0.0	0.0	18	5	0.0	0.0	0.0	0
1279	4	220.44	291.545	229.688	297.395	Sec	0.0	0.31	0.0	0.0	0.0	603	3	0.0	0.0	0.0	0
1280	4	236.64	291.545	254.875	297.395	Length	0.0	0.29	0.0	0.0	0.0	56	6	0.0	0.0	0.0	0
1281	4	284.4	291.305	294.838	297.155	Run	0.0	0.32	0.0	0.0	0.0	325	3	0.0	0.0	0.0	0
1282	4	296.772	291.305	312.412	297.155	Times	0.0	0.36	0.0	0.0	0.0	538	5	0.0	0.0	0.0	0
1283	4	339.36	291.425	351.499	297.275	SPW	0.0	0.36	0.0	0.0	0.0	468	3	0.0	0.0	0.0	0
1284	4	453.722	291.785	468.402	297.635	Spots	0.0	0.32	0.0	0.0	0.0	4	5	0.0	0.0	0.0	0
1285	4	485.279	291.785	497.322	297.635	Rate	0.0	0.32	0.0	0.0	0.0	13	4	0.0	0.0	0.0	0
1286	4	536.282	291.785	549.534	297.635	Total	0.0	0.31	0.0	0.0	0.0	106	5	0.0	0.0	0.0	0
1287	4	610.079	291.785	628.551	297.635	Station	0.0	0.31	0.0	0.0	0.0	57	7	0.0	0.0	0.0	0
1288	4	690.479	291.785	718.602	297.635	Comments	0.0	0.31	0.0	0.0	0.0	361	8	0.0	0.0	0.0	0
1289	4	747.599	291.785	768.076	297.635	Entered	0.0	0.25	0.0	0.0	0.0	598	7	0.0	0.0	0.0	0
1290	4	31.799	303.906	63.773	309.756	47.0Normal	0.0	0.22	0.0	0.0	0.0	461	10	0.3	0.0	0.0	0
1291	4	65.642	303.906	76.492	309.756	Line	0.0	0.22	0.0	0.0	0.0	89	4	0.0	0.0	0.0	0
1292	4	82.572	303.906	96.767	309.756	News	0.0	0.22	0.0	0.0	0.0	17	4	0.0	0.0	0.0	0
1293	4	149.159	303.905	199.479	309.755	10/12/12-10/12/12	0.0	0.14	0.0	0.0	0.0	0	17	0.7058824	0.0	0.0	0
1294	4	250.08	303.905	277.822	309.756	:305:28P-	0.0	0.17	0.0	0.0	0.0	27	9	0.5555556	0.0	0.0	0
1295	4	279.722	303.905	310.227	309.755	News-News	0.0	0.22	0.0	0.0	0.0	1514	9	0.0	0.0	0.0	0
1296	4	485.639	303.786	511.968	309.636	$2,800.00	0.0	0.22	0.0	0.0	0.75	0	9	0.6666667	1.0	7.9377317	0
1297	4	545.88	303.786	597.29	309.756	$2,800.00Asheville	0.0	0.26	0.0	0.0	0.0	2054	18	0.33333334	0.0	0.0	0
1298	4	599.169	303.906	619.718	309.756	(WLOS)	0.0	0.26	0.0	0.0	0.0	1973	6	0.0	0.0	0.0	0
1299	4	666.72	303.906	682.786	309.756	NEWS	0.0	0.26	0.0	0.0	0.0	17	4	0.0	0.0	0.0	0
1300	4	743.76	303.906	764.56	309.756	10/5/12	0.0	0.23	0.0	0.0	0.0	0	7	0.71428573	0.0	0.0	0
1301	4	260.399	311.105	275.608	316.955	5:30p	0.0	0.15	0.0	0.0	0.0	27	5	0.6	0.0	0.0	0
1302	4	31.799	321.666	63.773	327.516	48.0Normal	0.0	0.22	0.0	0.0	0.0	461	10	0.3	0.0	0.0	0
1303	4	65.642	321.666	76.492	327.516	Line	0.0	0.22	0.0	0.0	0.0	89	4	0.0	0.0	0.0	0
1304	4	82.572	321.666	96.767	327.516	News	0.0	0.22	0.0	0.0	0.0	17	4	0.0	0.0	0.0	0
1305	4	149.16	321.666	199.479	327.516	10/15/12-10/15/12	0.0	0.14	0.0	0.0	0.0	0	17	0.7058824	0.0	0.0	0
1306	4	250.08	321.666	277.823	327.516	:305:28P-	0.0	0.17	0.0	0.0	0.0	27	9	0.5555556	0.0	0.0	0
1307	4	279.722	321.666	310.227	327.516	News-News	0.0	0.22	0.0	0.0	0.0	1514	9	0.0	0.0	0.0	0
1308	4	485.639	321.666	511.968	327.516	$2,800.00	0.0	0.22	0.0	0.0	0.75	0	9	0.6666667	1.0	7.9377317	0
1309	4	545.88	321.666	597.29	327.516	$2,800.00Asheville	0.0	0.26	0.0	0.0	0.0	2054	18	0.33333334	0.0	0.0	0
1310	4	599.169	321.666	619.718	327.516	(WLOS)	0.0	0.26	0.0	0.0	0.0	1973	6	0.0	0.0	0.0	0
1311	4	666.72	321.666	682.786	327.516	NEWS	0.0	0.26	0.0	0.0	0.0	17	4	0.0	0.0	0.0	0
1312	4	743.76	321.666	764.56	327.516	10/5/12	0.0	0.23	0.0	0.0	0.0	0	7	0.71428573	0.0	0.0	0
1313	4	260.4	328.866	275.609	334.716	5:30p	0.0	0.15	0.0	0.0	0.0	27	5	0.6	0.0	0.0	0
1314	4	31.799	339.546	63.773	345.396	49.0Normal	0.0	0.22	0.0	0.0	0.0	461	10	0.3	0.0	0.0	0
1315	4	65.642	339.546	76.492	345.396	Line	0.0	0.22	0.0	0.0	0.0	89	4	0.0	0.0	0.0	0
1316	4	82.572	339.546	96.767	345.396	News	0.0	0.22	0.0	0.0	0.0	17	4	0.0	0.0	0.0	0
1317	4	149.16	339.546	199.479	345.396	10/09/12-10/09/12	0.0	0.14	0.0	0.0	0.0	0	17	0.7058824	0.0	0.0	0
1318	4	250.08	339.546	269.179	345.396	:306P-	0.0	0.13	0.0	0.0	0.0	27	6	0.5	0.0	0.0	0
1319	4	279.6	339.546	294.503	345.396	(EST)	0.0	0.17	0.0	0.0	0.0	395	5	0.0	0.0	0.0	0
1320	4	485.639	339.426	511.968	345.276	$4,000.00	0.0	0.22	0.0	0.0	0.75	0	9	0.6666667	1.0	8.2943	0
1321	4	545.88	339.426	597.29	345.396	$4,000.00Asheville	0.0	0.26	0.0	0.0	0.0	2054	18	0.33333334	0.0	0.0	0
1322	4	599.169	339.546	619.718	345.396	(WLOS)	0.0	0.26	0.0	0.0	0.0	1973	6	0.0	0.0	0.0	0
1323	4	666.72	339.546	683.145	345.396	WKDY	0.0	0.26	0.0	0.0	0.0	5097	4	0.0	0.0	0.0	0
1324	4	685.082	339.546	701.148	345.396	NEWS	0.0	0.24	0.0	0.0	0.0	17	4	0.0	0.0	0.0	0
1325	4	743.76	339.546	764.56	345.396	10/5/12	0.0	0.1	0.0	0.0	0.0	0	7	0.71428573	0.0	0.0	0
1326	4	31.799	351.666	63.773	357.516	50.0Normal	0.0	0.22	0.0	0.0	0.0	461	10	0.3	0.0	0.0	0
1327	4	65.642	351.666	76.492	357.516	Line	0.0	0.22	0.0	0.0	0.0	89	4	0.0	0.0	0.0	0
1328	4	82.572	351.666	96.767	357.516	News	0.0	0.22	0.0	0.0	0.0	17	4	0.0	0.0	0.0	0
1329	4	149.16	351.666	199.479	357.516	10/10/12-10/10/12	0.0	0.14	0.0	0.0	0.0	0	17	0.7058824	0.0	0.0	0
1330	4	250.08	351.666	269.179	357.516	:306P-	0.0	0.13	0.0	0.0	0.0	27	6	0.5	0.0	0.0	0
1331	4	279.6	351.666	294.503	357.516	(EST)	0.0	0.17	0.0	0.0	0.0	395	5	0.0	0.0	0.0	0
1332	4	485.639	351.546	511.968	357.396	$4,000.00	0.0	0.22	0.0	0.0	0.75	0	9	0.6666667	1.0	8.2943	0
1333	4	545.88	351.546	597.29	357.516	$4,000.00Asheville	0.0	0.26	0.0	0.0	0.0	2054	18	0.33333334	0.0	0.0	0
1334	4	599.169	351.666	619.718	357.516	(WLOS)	0.0	0.26	0.0	0.0	0.0	1973	6	0.0	0.0	0.0	0
1335	4	666.72	351.666	683.145	357.516	WKDY	0.0	0.26	0.0	0.0	0.0	5097	4	0.0	0.0	0.0	0
1336	4	685.082	351.666	701.148	357.516	NEWS	0.0	0.24	0.0	0.0	0.0	17	4	0.0	0.0	0.0	0
1337	4	743.76	351.666	764.56	357.516	10/5/12	0.0	0.1	0.0	0.0	0.0	0	7	0.71428573	0.0	0.0	0
1338	4	31.799	363.666	63.773	369.516	51.0Normal	0.0	0.22	0.0	0.0	0.0	461	10	0.3	0.0	0.0	0
1339	4	65.642	363.666	76.492	369.516	Line	0.0	0.22	0.0	0.0	0.0	89	4	0.0	0.0	0.0	0
1340	4	82.572	363.666	96.767	369.516	News	0.0	0.22	0.0	0.0	0.0	17	4	0.0	0.0	0.0	0
1341	4	149.16	363.666	199.479	369.516	10/11/12-10/11/12	0.0	0.14	0.0	0.0	0.0	0	17	0.7058824	0.0	0.0	0
1342	4	250.08	363.666	269.179	369.516	:306P-	0.0	0.13	0.0	0.0	0.0	27	6	0.5	0.0	0.0	0
1343	4	279.6	363.666	294.503	369.516	(EST)	0.0	0.17	0.0	0.0	0.0	395	5	0.0	0.0	0.0	0
1344	4	485.639	363.666	511.968	369.516	$4,000.00	0.0	0.22	0.0	0.0	0.75	0	9	0.6666667	1.0	8.2943	0
1345	4	545.88	363.666	597.29	369.516	$4,000.00Asheville	0.0	0.26	0.0	0.0	0.0	2054	18	0.33333334	0.0	0.0	0
1346	4	599.169	363.666	619.718	369.516	(WLOS)	0.0	0.26	0.0	0.0	0.0	1973	6	0.0	0.0	0.0	0
1347	4	666.72	363.666	683.145	369.516	WKDY	0.0	0.26	0.0	0.0	0.0	5097	4	0.0	0.0	0.0	0
1348	4	685.082	363.666	701.148	369.516	NEWS	0.0	0.24	0.0	0.0	0.0	17	4	0.0	0.0	0.0	0
1349	4	743.76	363.666	764.56	369.516	10/5/12	0.0	0.1	0.0	0.0	0.0	0	7	0.71428573	0.0	0.0	0
1350	4	31.799	375.786	63.773	381.636	52.0Normal	0.0	0.22	0.0	0.0	0.0	461	10	0.3	0.0	0.0	0
1351	4	65.642	375.786	76.492	381.636	Line	0.0	0.22	0.0	0.0	0.0	89	4	0.0	0.0	0.0	0
1352	4	82.572	375.786	96.767	381.636	News	0.0	0.22	0.0	0.0	0.0	17	4	0.0	0.0	0.0	0
1353	4	149.16	375.786	199.479	381.636	10/12/12-10/12/12	0.0	0.14	0.0	0.0	0.0	0	17	0.7058824	0.0	0.0	0
1354	4	250.08	375.786	269.179	381.636	:306P-	0.0	0.13	0.0	0.0	0.0	27	6	0.5	0.0	0.0	0
1355	4	279.6	375.786	294.503	381.636	(EST)	0.0	0.17	0.0	0.0	0.0	395	5	0.0	0.0	0.0	0
1356	4	485.639	375.666	511.968	381.516	$4,000.00	0.0	0.22	0.0	0.0	0.75	0	9	0.6666667	1.0	8.2943	0
1357	4	545.88	375.666	597.29	381.636	$4,000.00Asheville	0.0	0.26	0.0	0.0	0.0	2054	18	0.33333334	0.0	0.0	0
1358	4	599.169	375.786	619.718	381.636	(WLOS)	0.0	0.26	0.0	0.0	0.0	1973	6	0.0	0.0	0.0	0
1359	4	666.72	375.786	683.145	381.636	WKDY	0.0	0.26	0.0	0.0	0.0	5097	4	0.0	0.0	0.0	0
1360	4	685.082	375.786	701.148	381.636	NEWS	0.0	0.24	0.0	0.0	0.0	17	4	0.0	0.0	0.0	0
1361	4	743.76	375.786	764.56	381.636	10/5/12	0.0	0.1	0.0	0.0	0.0	0	7	0.71428573	0.0	0.0	0
1362	4	31.799	387.906	63.773	393.756	53.0Normal	0.0	0.16	0.0	0.0	0.0	461	10	0.3	0.0	0.0	0
1363	4	65.642	387.906	76.492	393.756	Line	0.0	0.16	0.0	0.0	0.0	89	4	0.0	0.0	0.0	0
1364	4	82.572	387.906	97.006	393.756	SPOT	0.0	0.16	0.0	0.0	0.0	133	4	0.0	0.0	0.0	0
1365	4	149.16	387.906	199.479	393.756	10/09/12-10/09/12	0.0	0.09	0.0	0.0	0.0	0	17	0.7058824	0.0	0.0	0
1366	4	250.08	387.906	286.467	393.756	:306:58:50P-	0.0	0.14	0.0	0.0	0.0	27	12	0.5833333	0.0	0.0	0
1367	4	288.366	387.906	304.742	393.756	Wheel	0.0	0.19	0.0	0.0	0.0	312	5	0.0	0.0	0.0	0
1368	4	313.692	387.906	334.131	393.756	Fortune	0.0	0.19	0.0	0.0	0.0	356	7	0.0	0.0	0.0	0
1369	4	485.639	387.786	511.968	393.636	$4,000.00	0.0	0.2	0.0	0.0	0.75	0	9	0.6666667	1.0	8.2943	0
1370	4	545.88	387.786	597.29	393.756	$4,000.00Asheville	0.0	0.24	0.0	0.0	0.0	2054	18	0.33333334	0.0	0.0	0
1371	4	599.169	387.906	619.718	393.756	(WLOS)	0.0	0.24	0.0	0.0	0.0	1973	6	0.0	0.0	0.0	0
1372	4	666.72	387.906	685.912	393.756	WHEEL	0.0	0.21	0.0	0.0	0.0	312	5	0.0	0.0	0.0	0
1373	4	743.76	387.906	764.56	393.756	10/5/12	0.0	0.19	0.0	0.0	0.0	0	7	0.71428573	0.0	0.0	0
1374	4	31.799	400.026	63.773	405.876	54.0Normal	0.0	0.17	0.0	0.0	0.0	461	10	0.3	0.0	0.0	0
1375	4	65.642	400.026	76.492	405.876	Line	0.0	0.16	0.0	0.0	0.0	89	4	0.0	0.0	0.0	0
1376	4	82.572	400.026	97.006	405.876	SPOT	0.0	0.16	0.0	0.0	0.0	133	4	0.0	0.0	0.0	0
1377	4	149.16	400.026	199.479	405.876	10/10/12-10/10/12	0.0	0.09	0.0	0.0	0.0	0	17	0.7058824	0.0	0.0	0
1378	4	250.08	400.026	286.467	405.876	:306:58:50P-	0.0	0.14	0.0	0.0	0.0	27	12	0.5833333	0.0	0.0	0
1379	4	288.366	400.026	304.742	405.876	Wheel	0.0	0.19	0.0	0.0	0.0	312	5	0.0	0.0	0.0	0
1380	4	313.692	400.026	334.131	405.876	Fortune	0.0	0.19	0.0	0.0	0.0	356	7	0.0	0.0	0.0	0
1381	4	485.639	399.906	511.968	405.756	$4,000.00	0.0	0.2	0.0	0.0	0.75	0	9	0.6666667	1.0	8.2943	0
1382	4	545.88	399.906	597.29	405.876	$4,000.00Asheville	0.0	0.24	0.0	0.0	0.0	2054	18	0.33333334	0.0	0.0	0
1383	4	599.169	400.026	619.718	405.876	(WLOS)	0.0	0.24	0.0	0.0	0.0	1973	6	0.0	0.0	0.0	0
1384	4	666.72	400.026	685.912	405.876	WHEEL	0.0	0.21	0.0	0.0	0.0	312	5	0.0	0.0	0.0	0
1385	4	743.76	400.026	764.56	405.876	10/5/12	0.0	0.19	0.0	0.0	0.0	0	7	0.71428573	0.0	0.0	0
1386	4	31.799	412.146	63.773	417.996	55.0Normal	0.0	0.17	0.0	0.0	0.0	461	10	0.3	0.0	0.0	0
1387	4	65.642	412.146	76.492	417.996	Line	0.0	0.16	0.0	0.0	0.0	89	4	0.0	0.0	0.0	0
1388	4	82.572	412.146	97.006	417.996	SPOT	0.0	0.16	0.0	0.0	0.0	133	4	0.0	0.0	0.0	0
1389	4	149.16	412.146	199.479	417.996	10/11/12-10/11/12	0.0	0.09	0.0	0.0	0.0	0	17	0.7058824	0.0	0.0	0
1390	4	250.08	412.146	286.467	417.996	:306:58:50P-	0.0	0.14	0.0	0.0	0.0	27	12	0.5833333	0.0	0.0	0
1391	4	288.366	412.146	304.742	417.996	Wheel	0.0	0.19	0.0	0.0	0.0	312	5	0.0	0.0	0.0	0
1392	4	313.692	412.146	334.131	417.996	Fortune	0.0	0.19	0.0	0.0	0.0	356	7	0.0	0.0	0.0	0
1393	4	485.639	412.026	511.968	417.876	$4,000.00	0.0	0.2	0.0	0.0	0.75	0	9	0.6666667	1.0	8.2943	0
1394	4	545.88	412.026	597.29	417.996	$4,000.00Asheville	0.0	0.24	0.0	0.0	0.0	2054	18	0.33333334	0.0	0.0	0
1395	4	599.169	412.146	619.718	417.996	(WLOS)	0.0	0.24	0.0	0.0	0.0	1973	6	0.0	0.0	0.0	0
1396	4	666.72	412.146	685.912	417.996	WHEEL	0.0	0.21	0.0	0.0	0.0	312	5	0.0	0.0	0.0	0
1397	4	743.76	412.146	764.56	417.996	10/5/12	0.0	0.19	0.0	0.0	0.0	0	7	0.71428573	0.0	0.0	0
1398	4	31.799	424.266	63.773	430.116	56.0Normal	0.0	0.17	0.0	0.0	0.0	461	10	0.3	0.0	0.0	0
1399	4	65.642	424.266	76.492	430.116	Line	0.0	0.16	0.0	0.0	0.0	89	4	0.0	0.0	0.0	0
1400	4	82.572	424.266	97.006	430.116	SPOT	0.0	0.16	0.0	0.0	0.0	133	4	0.0	0.0	0.0	0
1401	4	149.16	424.266	199.479	430.116	10/12/12-10/12/12	0.0	0.09	0.0	0.0	0.0	0	17	0.7058824	0.0	0.0	0
1402	4	250.08	424.266	286.467	430.116	:306:58:50P-	0.0	0.14	0.0	0.0	0.0	27	12	0.5833333	0.0	0.0	0
1403	4	288.366	424.266	304.742	430.116	Wheel	0.0	0.19	0.0	0.0	0.0	312	5	0.0	0.0	0.0	0
1404	4	313.692	424.266	334.131	430.116	Fortune	0.0	0.19	0.0	0.0	0.0	356	7	0.0	0.0	0.0	0
1405	4	485.639	424.146	511.968	429.996	$4,000.00	0.0	0.2	0.0	0.0	0.75	0	9	0.6666667	1.0	8.2943	0
1406	4	545.88	424.146	597.29	430.116	$4,000.00Asheville	0.0	0.24	0.0	0.0	0.0	2054	18	0.33333334	0.0	0.0	0
1407	4	599.169	424.266	619.718	430.116	(WLOS)	0.0	0.24	0.0	0.0	0.0	1973	6	0.0	0.0	0.0	0
1408	4	666.72	424.266	685.912	430.116	WHEEL	0.0	0.21	0.0	0.0	0.0	312	5	0.0	0.0	0.0	0
1409	4	743.76	424.266	764.56	430.116	10/5/12	0.0	0.19	0.0	0.0	0.0	0	7	0.71428573	0.0	0.0	0
1410	4	31.799	436.266	63.773	442.116	57.0Normal	0.0	0.17	0.0	0.0	0.0	461	10	0.3	0.0	0.0	0
1411	4	65.642	436.266	76.492	442.116	Line	0.0	0.16	0.0	0.0	0.0	89	4	0.0	0.0	0.0	0
1412	4	82.572	436.266	97.006	442.116	SPOT	0.0	0.16	0.0	0.0	0.0	133	4	0.0	0.0	0.0	0
1413	4	149.16	436.266	199.479	442.116	10/15/12-10/15/12	0.0	0.09	0.0	0.0	0.0	0	17	0.7058824	0.0	0.0	0
1414	4	250.08	436.266	286.467	442.116	:306:58:50P-	0.0	0.14	0.0	0.0	0.0	27	12	0.5833333	0.0	0.0	0
1415	4	288.366	436.266	304.742	442.116	Wheel	0.0	0.19	0.0	0.0	0.0	312	5	0.0	0.0	0.0	0
1416	4	313.692	436.266	334.131	442.116	Fortune	0.0	0.19	0.0	0.0	0.0	356	7	0.0	0.0	0.0	0
1417	4	485.639	436.266	511.968	442.116	$4,000.00	0.0	0.2	0.0	0.0	0.75	0	9	0.6666667	1.0	8.2943	0
1418	4	545.88	436.266	597.29	442.116	$4,000.00Asheville	0.0	0.24	0.0	0.0	0.0	2054	18	0.33333334	0.0	0.0	0
1419	4	599.169	436.266	619.718	442.116	(WLOS)	0.0	0.24	0.0	0.0	0.0	1973	6	0.0	0.0	0.0	0
1420	4	666.72	436.266	685.912	442.116	WHEEL	0.0	0.21	0.0	0.0	0.0	312	5	0.0	0.0	0.0	0
1421	4	743.76	436.266	764.56	442.116	10/5/12	0.0	0.19	0.0	0.0	0.0	0	7	0.71428573	0.0	0.0	0
1422	4	31.799	448.386	63.773	454.236	58.0Normal	0.0	0.17	0.0	0.0	0.0	461	10	0.3	0.0	0.0	0
1423	4	65.642	448.386	76.492	454.236	Line	0.0	0.16	0.0	0.0	0.0	89	4	0.0	0.0	0.0	0
1424	4	82.572	448.386	97.006	454.236	SPOT	0.0	0.16	0.0	0.0	0.0	133	4	0.0	0.0	0.0	0
1425	4	149.16	448.386	199.479	454.236	10/10/12-10/10/12	0.0	0.11	0.0	0.0	0.0	0	17	0.7058824	0.0	0.0	0
1426	4	250.08	448.386	286.467	454.236	:307:28:30P-	0.0	0.16	0.0	0.0	0.0	27	12	0.5833333	0.0	0.0	0
1427	4	288.366	448.386	312.243	454.236	Jeopardy	0.0	0.23	0.0	0.0	0.0	271	8	0.0	0.0	0.0	0
1428	4	485.639	448.266	511.968	454.116	$5,000.00	0.0	0.24	0.0	0.0	0.62	0	9	0.6666667	1.0	8.517393	0
1429	4	545.88	448.266	597.29	454.236	$5,000.00Asheville	0.0	0.28	0.0	0.0	0.0	2054	18	0.33333334	0.0	0.0	0
1430	4	599.169	448.386	619.718	454.236	(WLOS)	0.0	0.28	0.0	0.0	0.0	1973	6	0.0	0.0	0.0	0
1431	4	666.72	448.386	695.033	454.236	JEOPARDY	0.0	0.28	0.0	0.0	0.0	271	8	0.0	0.0	0.0	0
1432	4	743.76	448.386	764.56	454.236	10/5/12	0.0	0.25	0.0	0.0	0.0	0	7	0.71428573	0.0	0.0	0
1433	4	31.799	460.506	63.773	466.356	59.0Normal	0.0	0.2	0.0	0.0	0.0	461	10	0.3	0.0	0.0	0
1434	4	65.642	460.506	76.492	466.356	Line	0.0	0.16	0.0	0.0	0.0	89	4	0.0	0.0	0.0	0
1435	4	82.572	460.506	97.006	466.356	SPOT	0.0	0.16	0.0	0.0	0.0	133	4	0.0	0.0	0.0	0
1436	4	149.16	460.506	199.479	466.356	10/12/12-10/12/12	0.0	0.11	0.0	0.0	0.0	0	17	0.7058824	0.0	0.0	0
1437	4	250.08	460.506	286.467	466.356	:307:28:30P-	0.0	0.16	0.0	0.0	0.0	27	12	0.5833333	0.0	0.0	0
1438	4	288.366	460.506	312.243	466.356	Jeopardy	0.0	0.23	0.0	0.0	0.0	271	8	0.0	0.0	0.0	0
1439	4	485.639	460.386	511.968	466.236	$5,000.00	0.0	0.24	0.0	0.0	0.62	0	9	0.6666667	1.0	8.517393	0
1440	4	545.88	460.386	597.29	466.356	$5,000.00Asheville	0.0	0.28	0.0	0.0	0.0	2054	18	0.33333334	0.0	0.0	0
1441	4	599.169	460.506	619.718	466.356	(WLOS)	0.0	0.28	0.0	0.0	0.0	1973	6	0.0	0.0	0.0	0
1442	4	666.72	460.506	695.033	466.356	JEOPARDY	0.0	0.28	0.0	0.0	0.0	271	8	0.0	0.0	0.0	0
1443	4	743.76	460.506	764.56	466.356	10/5/12	0.0	0.27	0.0	0.0	0.0	0	7	0.71428573	0.0	0.0	0
1444	4	309.36	475.703	405.715	485.33	CONFIRMATION	0.0	0.32	0.0	0.0	0.0	342	12	0.0	0.0	0.0	0
1445	4	409.2	475.703	479.314	485.33	CONTRACT	0.0	0.32	0.0	0.0	0.0	53	8	0.0	0.0	0.0	0
1446	4	18.243	491.789	99.078	497.99	Accepted-Agency/Advertiser:	0.0	0.22	0.0	0.0	0.0	746	27	0.0	0.0	0.0	0
1447	4	236.399	491.789	251.849	497.99	Date:	0.0	0.22	0.0	0.0	0.0	8	5	0.0	0.0	0.0	0
1448	4	302.399	491.789	352.162	497.99	Accepted-Station:	0.0	0.23	0.0	0.0	0.0	731	17	0.0	0.0	0.0	0
1449	4	476.399	490.949	491.849	497.15	Date:	0.0	0.33	0.0	0.0	0.0	8	5	0.0	0.0	0.0	0
1450	4	533.156	490.949	565.532	497.15	Comments:	0.0	0.33	0.0	0.0	0.0	361	9	0.0	0.0	0.0	0
1451	4	14.399	575.789	24.09	581.99	B/E	0.0	0.33	0.0	0.0	0.0	124	3	0.0	0.0	0.0	0
1452	4	26.158	575.789	50.44	581.99	Bookend	0.0	0.33	0.0	0.0	0.0	669	7	0.0	0.0	0.0	0
1453	4	56.527	575.789	66.157	581.99	P/B	0.0	0.3	0.0	0.0	0.0	629	3	0.0	0.0	0.0	0
1454	4	68.164	575.789	83.222	581.99	Piggy	0.0	0.15	0.0	0.0	0.0	694	5	0.0	0.0	0.0	0
1455	4	85.212	575.789	98.341	581.99	Back	0.0	0.21	0.0	0.0	0.0	665	4	0.0	0.0	0.0	0
1456	4	740.04	581.928	754.988	588.714	Page	0.0	0.24	0.0	0.0	0.0	7	4	0.0	0.0	0.0	0
1457	4	14.399	588.177	39.25	596.016	Printed	0.0	0.32	0.0	0.0	0.0	159	7	0.0	0.0	0.0	0
1458	4	41.765	588.177	52.052	596.016	At:	0.0	0.21	0.0	0.0	0.0	74	3	0.0	0.0	0.0	0
1459	4	54.609	588.177	75.213	596.016	12:13	0.0	0.2	0.0	0.0	0.0	0	5	0.8	0.0	0.0	0
1460	4	102.278	588.177	134.235	596.016	Tuesday,	0.0	0.18	0.0	0.0	0.0	354	8	0.0	0.0	0.0	0
1461	4	136.721	588.177	164.577	596.016	October	0.0	0.26	0.0	0.0	0.0	191	7	0.0	0.0	0.0	0
1462	4	176.567	588.177	194.287	596.016	2012	0.0	0.26	0.0	0.0	0.62	0	4	1.0	1.0	7.6073813	0
1463	5	223.68	16.51	266.592	26.171	Contract	0.0	0.26	0.0	0.0	0.0	53	8	0.0	0.0	0.0	0
1464	5	289.68	16.765	339.224	27.474	1389462	0.0	0.22	0.0	0.0	0.63	0	7	1.0	1.0	14.144428	0
1465	5	447.96	18.674	460.776	23.912	Date	0.0	0.28	0.0	0.0	0.0	8	4	0.0	0.0	0.0	0
1466	5	462.364	18.674	483.772	23.912	Entered	0.0	0.28	0.0	0.0	0.0	598	7	0.0	0.0	0.0	0
1467	5	503.76	19.007	532.046	25.793	10/05/12	0.0	0.29	0.0	0.0	0.0	0	8	0.75	0.0	0.0	0
1468	5	608.283	17.842	639.915	24.593	Asheville	0.0	0.35	0.0	0.0	0.0	2054	9	0.0	0.0	0.0	0
1469	5	641.895	17.842	669.178	24.593	(WLOS)	0.0	0.35	0.0	0.0	0.0	1973	6	0.0	0.0	0.0	0
1470	5	223.68	29.594	248.489	34.832	Schedule	0.0	0.35	0.0	0.0	0.0	387	8	0.0	0.0	0.0	0
1471	5	250.077	29.594	265.707	34.832	Dates	0.0	0.35	0.0	0.0	0.0	18	5	0.0	0.0	0.0	0
1472	5	289.68	29.927	348.804	36.713	10/09/12-10/15/12	0.0	0.19	0.0	0.0	0.0	0	17	0.7058824	0.0	0.0	0
1473	5	447.96	30.194	459.333	35.432	Last	0.0	0.27	0.0	0.0	0.0	330	4	0.0	0.0	0.0	0
1474	5	460.925	30.194	484.486	35.432	Modified	0.0	0.31	0.0	0.0	0.0	645	8	0.0	0.0	0.0	0
1475	5	503.76	30.527	532.046	37.313	10/05/12	0.0	0.31	0.0	0.0	0.0	0	8	0.75	0.0	0.0	0
1476	5	618.0	27.407	648.163	34.193	Broadcast	0.0	0.37	0.0	0.0	0.0	41	9	0.0	0.0	0.0	0
1477	5	650.274	27.407	669.528	34.193	Month	0.0	0.38	0.0	0.0	0.0	52	5	0.0	0.0	0.0	0
1478	5	678.6	27.3	696.519	33.47	Spots	0.0	0.38	0.0	0.0	0.0	4	5	0.0	0.0	0.0	0
1479	5	747.12	27.3	761.949	33.47	Rate	0.0	0.38	0.0	0.0	0.0	13	4	0.0	0.0	0.0	0
1480	5	608.28	37.367	620.83	44.153	Oct.	0.0	0.33	0.0	0.0	0.0	464	4	0.0	0.0	0.0	0
1481	5	625.206	37.367	640.535	44.153	2012	0.0	0.23	0.0	0.0	0.62	0	4	1.0	1.0	7.6073813	0
1482	5	720.361	37.367	759.218	44.153	$142,700.00	0.0	0.19	0.0	0.0	1.0	0	11	0.72727275	1.0	11.868506	gross_amount
1483	5	115.44	43.367	137.171	51.809	WLOS	0.0	0.33	0.0	0.0	0.0	1973	4	0.0	0.0	0.0	0
1484	5	139.204	43.367	168.865	51.809	Asheville	0.0	0.65	0.0	0.0	0.0	2054	9	0.0	0.0	0.0	0
1485	5	223.682	40.775	254.862	46.595	Advertiser	0.0	0.78	0.0	0.0	0.0	6	10	0.0	0.0	0.0	0
1486	5	289.683	41.208	318.291	47.994	American	0.0	1.0	0.0	0.0	0.0	258	8	0.0	0.0	0.0	advertiser
1487	5	320.406	41.208	354.113	47.994	Crossroads	0.0	1.0	0.0	0.0	0.0	607	10	0.0	0.0	0.0	advertiser
1488	5	356.284	41.208	380.8	47.994	(41509)	0.0	0.84	0.0	0.0	0.0	0	7	0.71428573	0.0	0.0	0
1489	5	447.96	41.834	469.368	47.072	Entered	0.0	0.72	0.0	0.0	0.0	598	7	0.0	0.0	0.0	0
1490	5	503.76	40.487	523.275	47.273	Louise	0.0	0.37	0.0	0.0	0.0	2342	6	0.0	0.0	0.0	0
1491	5	525.488	40.487	546.599	47.273	Palmer	0.0	0.43	0.0	0.0	0.0	2399	6	0.0	0.0	0.0	0
1492	5	115.44	53.927	127.711	62.369	110	0.0	0.43	0.0	0.0	0.67	0	3	1.0	1.0	4.7095304	0
1493	5	129.718	53.927	167.85	62.369	Technology	0.0	0.57	0.0	0.0	0.0	1861	10	0.0	0.0	0.0	0
1494	5	223.682	53.015	245.503	58.835	Agency	0.0	0.76	0.0	0.0	0.0	2	6	0.0	0.0	0.0	0
1495	5	289.68	53.928	323.387	60.714	Crossroads	0.0	0.76	0.0	0.0	0.0	607	10	0.0	0.0	0.0	0
1496	5	325.558	53.928	378.193	60.714	Media-Alexandria	0.0	0.52	0.0	0.0	0.0	6096	16	0.0	0.0	0.0	0
1497	5	380.296	53.928	400.971	60.714	(2097)	0.0	0.46	0.0	0.0	0.0	0	6	0.6666667	0.0	0.0	0
1498	5	447.96	53.354	465.79	58.592	CO-OP	0.0	0.36	0.0	0.0	0.0	675	5	0.0	0.0	0.0	0
1499	5	608.28	49.109	625.241	55.31	Grand	0.0	0.35	0.0	0.0	0.0	503	5	0.0	0.0	0.0	0
1500	5	627.246	49.109	643.659	55.31	Total:	0.0	0.34	0.0	0.0	0.0	106	6	0.0	0.0	0.0	0
1501	5	720.36	50.687	759.216	57.473	$142,700.00	0.0	0.24	0.0	0.0	1.0	0	11	0.72727275	1.0	11.868506	gross_amount
1502	5	115.444	64.607	147.129	73.049	Asheville,	0.0	0.38	0.0	0.0	0.0	2054	10	0.0	0.0	0.0	0
1503	5	163.796	64.607	184.226	73.049	28803	0.0	0.38	0.0	0.0	0.59	0	5	1.0	1.0	10.26827	0
1504	5	223.68	65.594	245.006	70.832	Product	0.0	0.38	0.0	0.0	0.0	5	7	0.0	0.0	0.0	0
1505	5	289.68	65.927	323.162	72.713	POLITICAL	0.0	0.28	0.0	0.0	0.0	160	9	0.0	0.0	0.0	0
1506	5	325.336	65.927	362.61	72.713	CANDIDATE	0.0	0.3	0.0	0.0	0.0	292	9	0.0	0.0	0.0	0
1507	5	364.821	65.927	385.35	72.713	SUPER	0.0	0.33	0.0	0.0	0.0	3441	5	0.0	0.0	0.0	0
1508	5	387.506	65.927	399.737	72.713	PAC	0.0	0.33	0.0	0.0	0.0	617	3	0.0	0.0	0.0	0
1509	5	401.913	65.927	414.186	72.713	(ns)	0.0	0.33	0.0	0.0	0.0	904	4	0.0	0.0	0.0	0
1510	5	416.32	65.927	436.995	72.713	(1386)	0.0	0.28	0.0	0.0	0.0	0	6	0.6666667	0.0	0.0	0
1511	5	447.96	64.874	471.935	70.112	Headline	0.0	0.28	0.0	0.0	0.0	949	8	0.0	0.0	0.0	0
1512	5	503.76	63.527	546.937	70.313	ECR09836778	0.0	0.69	0.0	0.0	0.0	957	11	0.72727275	0.0	0.0	0
1513	5	223.68	77.594	239.926	82.832	Brand	0.0	0.88	0.0	0.0	0.0	366	5	0.0	0.0	0.0	0
1514	5	289.683	77.927	323.264	84.713	AMERICAN	0.0	1.0	0.0	0.0	0.0	258	8	0.0	0.0	0.0	advertiser
1515	5	325.454	77.927	368.592	84.713	CROSSROADS	0.0	1.0	0.0	0.0	0.0	607	10	0.0	0.0	0.0	advertiser
1516	5	370.711	77.927	399.067	84.713	(325849)	0.0	0.82	0.0	0.0	0.0	0	8	0.75	0.0	0.0	0
1517	5	447.959	76.394	463.779	81.632	Demo	0.0	0.75	0.0	0.0	0.0	416	4	0.0	0.0	0.0	0
1518	5	223.68	89.594	256.669	94.832	Salesperson	0.0	0.39	0.0	0.0	0.0	337	11	0.0	0.0	0.0	0
1519	5	289.68	89.927	339.213	96.713	Millennium/PHL,	0.0	0.25	0.0	0.0	0.0	2319	15	0.0	0.0	0.0	0
1520	5	341.426	89.927	377.865	96.713	Philadelphia	0.0	0.25	0.0	0.0	0.0	217	12	0.0	0.0	0.0	0
1521	5	379.969	89.927	400.643	96.713	(1103)	0.0	0.23	0.0	0.0	0.0	0	6	0.6666667	0.0	0.0	0
1522	5	447.959	88.034	463.508	93.272	Order	0.0	0.2	0.0	0.0	0.0	9	5	0.0	0.0	0.0	0
1523	5	465.123	88.034	478.174	93.272	Type	0.0	0.2	0.0	0.0	0.0	45	4	0.0	0.0	0.0	0
1524	5	505.56	88.127	527.673	94.913	Normal	0.0	0.25	0.0	0.0	0.0	461	6	0.0	0.0	0.0	0
1525	5	447.96	98.594	470.734	103.832	Package	0.0	0.29	0.0	0.0	0.0	390	7	0.0	0.0	0.0	0
1526	5	472.323	98.594	484.518	103.832	Deal	0.0	0.29	0.0	0.0	0.0	284	4	0.0	0.0	0.0	0
1527	5	223.68	102.434	238.109	107.672	Sales	0.0	0.29	0.0	0.0	0.0	10	5	0.0	0.0	0.0	0
1528	5	239.645	102.434	255.694	107.672	Office	0.0	0.46	0.0	0.0	0.0	12	6	0.0	0.0	0.0	0
1529	5	289.68	102.168	322.44	108.954	Millennium	0.0	0.56	0.0	0.0	0.0	442	10	0.0	0.0	0.0	0
1530	5	324.627	102.168	361.067	108.954	Philadelphia	0.0	0.7	0.0	0.0	0.0	217	12	0.0	0.0	0.0	0
1531	5	28.199	111.408	65.734	119.85	Crossroads	0.0	0.71	0.0	0.0	0.0	607	10	0.0	0.0	0.0	0
1532	5	67.796	111.408	125.06	119.85	Media-Alexandria	0.0	0.5	0.0	0.0	0.0	6096	16	0.0	0.0	0.0	0
1533	5	223.68	114.794	239.59	120.032	Buyer	0.0	0.46	0.0	0.0	0.0	326	5	0.0	0.0	0.0	0
1534	5	241.204	114.794	257.025	120.032	Name	0.0	0.47	0.0	0.0	0.0	110	4	0.0	0.0	0.0	0
1535	5	289.68	113.928	341.239	120.714	Maron,Stephanie	0.0	0.47	0.0	0.0	0.0	8887	15	0.0	0.0	0.0	0
1536	5	447.96	110.234	480.948	115.472	Commission	0.0	0.47	0.0	0.0	0.0	83	10	0.0	0.0	0.0	0
1537	5	504.36	110.568	521.851	117.354	15.00	0.0	0.37	0.0	0.0	0.57	0	5	0.8	1.0	2.7725887	0
1538	5	38.398	122.088	57.56	130.53	Canal	0.0	0.35	0.0	0.0	0.0	622	5	0.0	0.0	0.0	0
1539	5	59.637	122.088	81.659	130.53	Center	0.0	0.35	0.0	0.0	0.0	403	6	0.0	0.0	0.0	0
1540	5	83.638	122.088	102.147	130.53	Plaza	0.0	0.35	0.0	0.0	0.0	616	5	0.0	0.0	0.0	0
1541	5	223.68	125.594	253.589	130.832	Phone/Fax	0.0	0.33	0.0	0.0	0.0	680	9	0.0	0.0	0.0	0
1542	5	447.96	123.434	480.948	128.672	Commission	0.0	0.36	0.0	0.0	0.0	83	10	0.0	0.0	0.0	0
1543	5	504.36	123.768	539.376	130.554	$21,405.00	0.0	0.29	0.0	0.0	0.71	0	10	0.7	1.0	9.971427	0
1544	5	28.199	132.768	39.272	141.21	Ste	0.0	0.29	0.0	0.0	0.0	344	3	0.0	0.0	0.0	0
1545	5	41.28	132.768	53.55	141.21	555	0.0	0.27	0.0	0.0	0.4	0	3	1.0	1.0	6.3207684	0
1546	5	223.68	137.594	234.203	142.832	CPE	0.0	0.15	0.0	0.0	0.0	411	3	0.0	0.0	0.0	0
1547	5	289.68	138.288	325.648	145.074	11/27/1088	0.0	0.12	0.0	0.0	0.0	0	10	0.8	0.0	0.0	0
1548	5	447.96	136.634	457.654	141.872	Net	0.0	0.21	0.0	0.0	0.0	14	3	0.0	0.0	0.0	0
1549	5	459.247	136.634	473.122	141.872	Total	0.0	0.26	0.0	0.0	0.0	106	5	0.0	0.0	0.0	0
1550	5	504.36	136.968	543.216	143.754	$121,295.00	0.0	0.29	0.0	0.0	0.56	0	11	0.72727275	1.0	11.705989	0
1551	5	28.204	143.448	65.051	151.89	Alexandria,	0.0	0.39	0.0	0.0	0.0	220	11	0.0	0.0	0.0	0
1552	5	80.996	143.448	101.426	151.89	22314	0.0	0.33	0.0	0.0	0.59	0	5	1.0	1.0	10.013015	0
1553	5	223.682	149.594	245.726	154.832	Account	0.0	0.28	0.0	0.0	0.0	15	7	0.0	0.0	0.0	0
1554	5	247.318	149.594	263.183	154.832	Types	0.0	0.26	0.0	0.0	0.0	596	5	0.0	0.0	0.0	0
1555	5	289.68	149.928	340.362	156.714	National/Political	0.0	0.32	0.0	0.0	0.0	724	18	0.0	0.0	0.0	0
1556	5	342.492	149.928	358.878	156.714	Issue	0.0	0.38	0.0	0.0	0.0	343	5	0.0	0.0	0.0	0
1557	5	361.094	149.928	383.405	156.714	Agency	0.0	0.44	0.0	0.0	0.0	2	6	0.0	0.0	0.0	0
1558	5	385.576	149.928	398.704	156.714	BRD	0.0	0.44	0.0	0.0	0.0	958	3	0.0	0.0	0.0	0
1559	5	447.959	148.154	462.388	153.392	Sales	0.0	0.44	0.0	0.0	0.0	10	5	0.0	0.0	0.0	0
1560	5	463.924	148.154	473.795	153.392	Tax	0.0	0.4	0.0	0.0	0.0	319	3	0.0	0.0	0.0	0
1561	5	223.68	161.594	241.007	166.832	Billing	0.0	0.3	0.0	0.0	0.0	11	7	0.0	0.0	0.0	0
1562	5	242.522	161.594	255.574	166.832	Type	0.0	0.35	0.0	0.0	0.0	45	4	0.0	0.0	0.0	0
1563	5	289.68	161.928	317.055	168.714	Standard	0.0	0.69	0.0	0.0	0.0	414	8	0.0	0.0	0.0	0
1564	5	223.68	173.354	252.75	178.592	Comments	0.0	0.82	0.0	0.0	0.0	361	8	0.0	0.0	0.0	0
1565	5	289.682	173.466	314.153	179.316	American	0.0	1.0	0.0	0.0	0.0	258	8	0.0	0.0	0.0	advertiser
1566	5	316.084	173.466	344.922	179.316	Crossroads	0.0	1.0	0.0	0.0	0.0	607	10	0.0	0.0	0.0	advertiser
1567	5	289.682	180.666	318.54	186.516	AMERICAN	0.0	1.0	0.0	0.0	0.0	258	8	0.0	0.0	0.0	advertiser
1568	5	320.411	180.666	357.612	186.516	CROSSROADS	0.0	1.0	0.0	0.0	0.0	607	10	0.0	0.0	0.0	advertiser
1569	5	25.08	291.425	35.929	297.275	Line	0.0	0.9	0.0	0.0	0.0	89	4	0.0	0.0	0.0	0
1570	5	54.6	291.425	65.449	297.275	Line	0.0	0.82	0.0	0.0	0.0	89	4	0.0	0.0	0.0	0
1571	5	67.331	291.425	80.332	297.275	Type	0.0	0.5	0.0	0.0	0.0	45	4	0.0	0.0	0.0	0
1572	5	86.411	291.425	101.279	297.275	Break	0.0	0.19	0.0	0.0	0.0	68	5	0.0	0.0	0.0	0
1573	5	103.211	291.425	116.212	297.275	Type	0.0	0.19	0.0	0.0	0.0	45	4	0.0	0.0	0.0	0
1574	5	118.21	291.425	129.243	297.275	(Ref	0.0	0.25	0.0	0.0	0.0	63	4	0.0	0.0	0.0	0
1575	5	176.16	291.545	191.195	297.395	Dates	0.0	0.31	0.0	0.0	0.0	18	5	0.0	0.0	0.0	0
1576	5	220.44	291.545	229.688	297.395	Sec	0.0	0.31	0.0	0.0	0.0	603	3	0.0	0.0	0.0	0
1577	5	236.64	291.545	254.875	297.395	Length	0.0	0.29	0.0	0.0	0.0	56	6	0.0	0.0	0.0	0
1578	5	284.4	291.305	294.838	297.155	Run	0.0	0.32	0.0	0.0	0.0	325	3	0.0	0.0	0.0	0
1579	5	296.772	291.305	312.412	297.155	Times	0.0	0.36	0.0	0.0	0.0	538	5	0.0	0.0	0.0	0
1580	5	339.36	291.425	351.499	297.275	SPW	0.0	0.36	0.0	0.0	0.0	468	3	0.0	0.0	0.0	0
1581	5	453.722	291.785	468.402	297.635	Spots	0.0	0.32	0.0	0.0	0.0	4	5	0.0	0.0	0.0	0
1582	5	485.279	291.785	497.322	297.635	Rate	0.0	0.32	0.0	0.0	0.0	13	4	0.0	0.0	0.0	0
1583	5	536.282	291.785	549.534	297.635	Total	0.0	0.31	0.0	0.0	0.0	106	5	0.0	0.0	0.0	0
1584	5	610.079	291.785	628.551	297.635	Station	0.0	0.31	0.0	0.0	0.0	57	7	0.0	0.0	0.0	0
1585	5	690.479	291.785	718.602	297.635	Comments	0.0	0.31	0.0	0.0	0.0	361	8	0.0	0.0	0.0	0
1586	5	747.599	291.785	768.076	297.635	Entered	0.0	0.25	0.0	0.0	0.0	598	7	0.0	0.0	0.0	0
1587	5	31.799	303.906	63.773	309.756	60.0Normal	0.0	0.21	0.0	0.0	0.0	461	10	0.3	0.0	0.0	0
1588	5	65.642	303.906	76.492	309.756	Line	0.0	0.21	0.0	0.0	0.0	89	4	0.0	0.0	0.0	0
1589	5	82.572	303.906	97.006	309.756	SPOT	0.0	0.16	0.0	0.0	0.0	133	4	0.0	0.0	0.0	0
1590	5	149.159	303.905	199.479	309.755	10/15/12-10/15/12	0.0	0.11	0.0	0.0	0.0	0	17	0.7058824	0.0	0.0	0
1591	5	250.08	303.905	286.466	309.756	:307:28:30P-	0.0	0.16	0.0	0.0	0.0	27	12	0.5833333	0.0	0.0	0
1592	5	288.366	303.905	312.242	309.755	Jeopardy	0.0	0.23	0.0	0.0	0.0	271	8	0.0	0.0	0.0	0
1593	5	485.639	303.786	511.968	309.636	$5,000.00	0.0	0.24	0.0	0.0	0.62	0	9	0.6666667	1.0	8.517393	0
1594	5	545.88	303.786	597.29	309.756	$5,000.00Asheville	0.0	0.28	0.0	0.0	0.0	2054	18	0.33333334	0.0	0.0	0
1595	5	599.169	303.906	619.718	309.756	(WLOS)	0.0	0.28	0.0	0.0	0.0	1973	6	0.0	0.0	0.0	0
1596	5	666.72	303.906	695.033	309.756	JEOPARDY	0.0	0.28	0.0	0.0	0.0	271	8	0.0	0.0	0.0	0
1597	5	743.76	303.906	764.56	309.756	10/5/12	0.0	0.25	0.0	0.0	0.0	0	7	0.71428573	0.0	0.0	0
1598	5	31.799	316.026	63.773	321.876	61.0Normal	0.0	0.22	0.0	0.0	0.0	461	10	0.3	0.0	0.0	0
1599	5	65.642	316.026	76.492	321.876	Line	0.0	0.22	0.0	0.0	0.0	89	4	0.0	0.0	0.0	0
1600	5	82.572	316.026	96.767	321.876	News	0.0	0.22	0.0	0.0	0.0	17	4	0.0	0.0	0.0	0
1601	5	149.16	316.026	199.479	321.876	10/10/12-10/10/12	0.0	0.14	0.0	0.0	0.0	0	17	0.7058824	0.0	0.0	0
1602	5	250.08	316.026	289.708	321.876	:3010:59:56P-	0.0	0.15	0.0	0.0	0.0	27	13	0.61538464	0.0	0.0	0
1603	5	291.607	316.026	322.112	321.876	News-News	0.0	0.22	0.0	0.0	0.0	1514	9	0.0	0.0	0.0	0
1604	5	485.639	315.906	511.968	321.756	$3,200.00	0.0	0.22	0.0	0.0	0.75	0	9	0.6666667	1.0	8.0712185	0
1605	5	545.88	315.906	597.29	321.876	$3,200.00Asheville	0.0	0.26	0.0	0.0	0.0	2054	18	0.33333334	0.0	0.0	0
1606	5	599.169	316.026	619.718	321.876	(WLOS)	0.0	0.26	0.0	0.0	0.0	1973	6	0.0	0.0	0.0	0
1607	5	666.72	316.026	682.786	321.876	NEWS	0.0	0.26	0.0	0.0	0.0	17	4	0.0	0.0	0.0	0
1608	5	693.127	316.026	718.593	321.876	TONIGHT	0.0	0.22	0.0	0.0	0.0	216	7	0.0	0.0	0.0	0
1609	5	743.76	316.026	764.56	321.876	10/5/12	0.0	0.22	0.0	0.0	0.0	0	7	0.71428573	0.0	0.0	0
1610	5	260.4	323.226	270.205	329.076	11p	0.0	0.28	0.0	0.0	0.0	27	3	0.6666667	0.0	0.0	0
1611	5	272.165	323.226	283.488	329.076	Late	0.0	0.31	0.0	0.0	0.0	114	4	0.0	0.0	0.0	0
1612	5	285.367	323.226	299.561	329.076	News	0.0	0.31	0.0	0.0	0.0	17	4	0.0	0.0	0.0	0
1613	5	31.799	333.786	63.773	339.636	62.0Normal	0.0	0.22	0.0	0.0	0.0	461	10	0.3	0.0	0.0	0
1614	5	65.642	333.786	76.492	339.636	Line	0.0	0.22	0.0	0.0	0.0	89	4	0.0	0.0	0.0	0
1615	5	82.572	333.786	96.767	339.636	News	0.0	0.22	0.0	0.0	0.0	17	4	0.0	0.0	0.0	0
1616	5	149.16	333.786	199.479	339.636	10/11/12-10/11/12	0.0	0.14	0.0	0.0	0.0	0	17	0.7058824	0.0	0.0	0
1617	5	250.08	333.786	289.708	339.636	:3010:59:56P-	0.0	0.15	0.0	0.0	0.0	27	13	0.61538464	0.0	0.0	0
1618	5	291.607	333.786	322.112	339.636	News-News	0.0	0.22	0.0	0.0	0.0	1514	9	0.0	0.0	0.0	0
1619	5	485.639	333.666	511.968	339.516	$3,200.00	0.0	0.22	0.0	0.0	0.75	0	9	0.6666667	1.0	8.0712185	0
1620	5	545.88	333.666	597.29	339.636	$3,200.00Asheville	0.0	0.26	0.0	0.0	0.0	2054	18	0.33333334	0.0	0.0	0
1621	5	599.169	333.786	619.718	339.636	(WLOS)	0.0	0.26	0.0	0.0	0.0	1973	6	0.0	0.0	0.0	0
1622	5	666.72	333.786	682.786	339.636	NEWS	0.0	0.26	0.0	0.0	0.0	17	4	0.0	0.0	0.0	0
1623	5	693.127	333.786	718.593	339.636	TONIGHT	0.0	0.22	0.0	0.0	0.0	216	7	0.0	0.0	0.0	0
1624	5	743.76	333.786	764.56	339.636	10/5/12	0.0	0.22	0.0	0.0	0.0	0	7	0.71428573	0.0	0.0	0
1625	5	260.4	340.986	270.205	346.836	11p	0.0	0.28	0.0	0.0	0.0	27	3	0.6666667	0.0	0.0	0
1626	5	272.165	340.986	283.488	346.836	Late	0.0	0.31	0.0	0.0	0.0	114	4	0.0	0.0	0.0	0
1627	5	285.367	340.986	299.561	346.836	News	0.0	0.31	0.0	0.0	0.0	17	4	0.0	0.0	0.0	0
1628	5	31.799	351.666	63.773	357.516	63.0Normal	0.0	0.17	0.0	0.0	0.0	461	10	0.3	0.0	0.0	0
1629	5	65.642	351.666	76.492	357.516	Line	0.0	0.16	0.0	0.0	0.0	89	4	0.0	0.0	0.0	0
1630	5	82.572	351.666	97.006	357.516	SPOT	0.0	0.16	0.0	0.0	0.0	133	4	0.0	0.0	0.0	0
1631	5	149.16	351.666	199.479	357.516	10/09/12-10/09/12	0.0	0.09	0.0	0.0	0.0	0	17	0.7058824	0.0	0.0	0
1632	5	250.08	351.666	278.067	357.516	:304:30A-	0.0	0.16	0.0	0.0	0.0	16	9	0.5555556	0.0	0.0	0
1633	5	279.966	351.666	295.581	357.516	4:59A	0.0	0.21	0.0	0.0	0.0	16	5	0.6	0.0	0.0	0
1634	5	297.376	351.666	312.279	357.516	(EST)	0.0	0.21	0.0	0.0	0.0	395	5	0.0	0.0	0.0	0
1635	5	490.679	351.546	511.966	357.396	$160.00	0.0	0.24	0.0	0.0	0.67	0	7	0.71428573	1.0	5.081404	0
1636	5	550.92	351.546	597.29	357.516	$160.00Asheville	0.0	0.27	0.0	0.0	0.0	2054	16	0.3125	0.0	0.0	0
1637	5	599.169	351.666	619.718	357.516	(WLOS)	0.0	0.27	0.0	0.0	0.0	1973	6	0.0	0.0	0.0	0
1638	5	666.72	351.666	682.786	357.516	NEWS	0.0	0.27	0.0	0.0	0.0	17	4	0.0	0.0	0.0	0
1639	5	700.446	351.666	710.209	357.516	430	0.0	0.14	0.0	0.0	0.67	0	3	1.0	1.0	6.066108	0
1640	5	743.76	351.666	764.56	357.516	10/5/12	0.0	0.1	0.0	0.0	0.0	0	7	0.71428573	0.0	0.0	0
1641	5	31.799	363.666	63.773	369.516	64.0Normal	0.0	0.16	0.0	0.0	0.0	461	10	0.3	0.0	0.0	0
1642	5	65.642	363.666	76.492	369.516	Line	0.0	0.16	0.0	0.0	0.0	89	4	0.0	0.0	0.0	0
1643	5	82.572	363.666	97.006	369.516	SPOT	0.0	0.16	0.0	0.0	0.0	133	4	0.0	0.0	0.0	0
1644	5	149.16	363.666	199.479	369.516	10/10/12-10/10/12	0.0	0.09	0.0	0.0	0.0	0	17	0.7058824	0.0	0.0	0
1645	5	250.08	363.666	278.067	369.516	:304:30A-	0.0	0.16	0.0	0.0	0.0	16	9	0.5555556	0.0	0.0	0
1646	5	279.966	363.666	295.581	369.516	4:59A	0.0	0.21	0.0	0.0	0.0	16	5	0.6	0.0	0.0	0
1647	5	297.376	363.666	312.279	369.516	(EST)	0.0	0.21	0.0	0.0	0.0	395	5	0.0	0.0	0.0	0
1648	5	490.679	363.666	511.966	369.516	$160.00	0.0	0.24	0.0	0.0	0.67	0	7	0.71428573	1.0	5.081404	0
1649	5	550.92	363.666	597.29	369.516	$160.00Asheville	0.0	0.27	0.0	0.0	0.0	2054	16	0.3125	0.0	0.0	0
1650	5	599.169	363.666	619.718	369.516	(WLOS)	0.0	0.27	0.0	0.0	0.0	1973	6	0.0	0.0	0.0	0
1651	5	666.72	363.666	682.786	369.516	NEWS	0.0	0.27	0.0	0.0	0.0	17	4	0.0	0.0	0.0	0
1652	5	700.446	363.666	710.209	369.516	430	0.0	0.14	0.0	0.0	0.67	0	3	1.0	1.0	6.066108	0
1653	5	743.76	363.666	764.56	369.516	10/5/12	0.0	0.1	0.0	0.0	0.0	0	7	0.71428573	0.0	0.0	0
1654	5	31.799	375.786	63.773	381.636	65.0Normal	0.0	0.16	0.0	0.0	0.0	461	10	0.3	0.0	0.0	0
1655	5	65.642	375.786	76.492	381.636	Line	0.0	0.16	0.0	0.0	0.0	89	4	0.0	0.0	0.0	0
1656	5	82.572	375.786	97.006	381.636	SPOT	0.0	0.16	0.0	0.0	0.0	133	4	0.0	0.0	0.0	0
1657	5	149.16	375.786	199.479	381.636	10/11/12-10/11/12	0.0	0.09	0.0	0.0	0.0	0	17	0.7058824	0.0	0.0	0
1658	5	250.08	375.786	278.067	381.636	:304:30A-	0.0	0.16	0.0	0.0	0.0	16	9	0.5555556	0.0	0.0	0
1659	5	279.966	375.786	295.581	381.636	4:59A	0.0	0.21	0.0	0.0	0.0	16	5	0.6	0.0	0.0	0
1660	5	297.376	375.786	312.279	381.636	(EST)	0.0	0.21	0.0	0.0	0.0	395	5	0.0	0.0	0.0	0
1661	5	490.679	375.666	511.966	381.516	$160.00	0.0	0.24	0.0	0.0	0.67	0	7	0.71428573	1.0	5.081404	0
1662	5	550.92	375.666	597.29	381.636	$160.00Asheville	0.0	0.27	0.0	0.0	0.0	2054	16	0.3125	0.0	0.0	0
1663	5	599.169	375.786	619.718	381.636	(WLOS)	0.0	0.27	0.0	0.0	0.0	1973	6	0.0	0.0	0.0	0
1664	5	666.72	375.786	682.786	381.636	NEWS	0.0	0.27	0.0	0.0	0.0	17	4	0.0	0.0	0.0	0
1665	5	700.446	375.786	710.209	381.636	430	0.0	0.14	0.0	0.0	0.67	0	3	1.0	1.0	6.066108	0
1666	5	743.76	375.786	764.56	381.636	10/5/12	0.0	0.1	0.0	0.0	0.0	0	7	0.71428573	0.0	0.0	0
1667	5	31.799	387.906	63.773	393.756	66.0Normal	0.0	0.16	0.0	0.0	0.0	461	10	0.3	0.0	0.0	0
1668	5	65.642	387.906	76.492	393.756	Line	0.0	0.16	0.0	0.0	0.0	89	4	0.0	0.0	0.0	0
1669	5	82.572	387.906	97.006	393.756	SPOT	0.0	0.16	0.0	0.0	0.0	133	4	0.0	0.0	0.0	0
1670	5	149.16	387.906	199.479	393.756	10/12/12-10/12/12	0.0	0.09	0.0	0.0	0.0	0	17	0.7058824	0.0	0.0	0
1671	5	250.08	387.906	278.067	393.756	:304:30A-	0.0	0.16	0.0	0.0	0.0	16	9	0.5555556	0.0	0.0	0
1672	5	279.966	387.906	295.581	393.756	4:59A	0.0	0.21	0.0	0.0	0.0	16	5	0.6	0.0	0.0	0
1673	5	297.376	387.906	312.279	393.756	(EST)	0.0	0.21	0.0	0.0	0.0	395	5	0.0	0.0	0.0	0
1674	5	490.679	387.786	511.966	393.636	$160.00	0.0	0.24	0.0	0.0	0.67	0	7	0.71428573	1.0	5.081404	0
1675	5	550.92	387.786	597.29	393.756	$160.00Asheville	0.0	0.27	0.0	0.0	0.0	2054	16	0.3125	0.0	0.0	0
1676	5	599.169	387.906	619.718	393.756	(WLOS)	0.0	0.27	0.0	0.0	0.0	1973	6	0.0	0.0	0.0	0
1677	5	666.72	387.906	682.786	393.756	NEWS	0.0	0.27	0.0	0.0	0.0	17	4	0.0	0.0	0.0	0
1678	5	700.446	387.906	710.209	393.756	430	0.0	0.14	0.0	0.0	0.67	0	3	1.0	1.0	6.066108	0
1679	5	743.76	387.906	764.56	393.756	10/5/12	0.0	0.1	0.0	0.0	0.0	0	7	0.71428573	0.0	0.0	0
1680	5	31.799	400.026	63.773	405.876	67.0Normal	0.0	0.16	0.0	0.0	0.0	461	10	0.3	0.0	0.0	0
1681	5	65.642	400.026	76.492	405.876	Line	0.0	0.16	0.0	0.0	0.0	89	4	0.0	0.0	0.0	0
1682	5	82.572	400.026	97.006	405.876	SPOT	0.0	0.16	0.0	0.0	0.0	133	4	0.0	0.0	0.0	0
1683	5	149.16	400.026	199.479	405.876	10/15/12-10/15/12	0.0	0.09	0.0	0.0	0.0	0	17	0.7058824	0.0	0.0	0
1684	5	250.08	400.026	278.067	405.876	:304:30A-	0.0	0.16	0.0	0.0	0.0	16	9	0.5555556	0.0	0.0	0
1685	5	279.966	400.026	295.581	405.876	4:59A	0.0	0.21	0.0	0.0	0.0	16	5	0.6	0.0	0.0	0
1686	5	297.376	400.026	312.279	405.876	(EST)	0.0	0.21	0.0	0.0	0.0	395	5	0.0	0.0	0.0	0
1687	5	490.679	399.906	511.966	405.756	$160.00	0.0	0.24	0.0	0.0	0.67	0	7	0.71428573	1.0	5.081404	0
1688	5	550.92	399.906	597.29	405.876	$160.00Asheville	0.0	0.27	0.0	0.0	0.0	2054	16	0.3125	0.0	0.0	0
1689	5	599.169	400.026	619.718	405.876	(WLOS)	0.0	0.27	0.0	0.0	0.0	1973	6	0.0	0.0	0.0	0
1690	5	666.72	400.026	682.786	405.876	NEWS	0.0	0.27	0.0	0.0	0.0	17	4	0.0	0.0	0.0	0
1691	5	700.446	400.026	710.209	405.876	430	0.0	0.14	0.0	0.0	0.67	0	3	1.0	1.0	6.066108	0
1692	5	743.76	400.026	764.56	405.876	10/5/12	0.0	0.1	0.0	0.0	0.0	0	7	0.71428573	0.0	0.0	0
1693	5	31.799	412.146	63.773	417.996	68.0Normal	0.0	0.22	0.0	0.0	0.0	461	10	0.3	0.0	0.0	0
1694	5	65.642	412.146	76.492	417.996	Line	0.0	0.22	0.0	0.0	0.0	89	4	0.0	0.0	0.0	0
1695	5	82.572	412.146	96.767	417.996	News	0.0	0.22	0.0	0.0	0.0	17	4	0.0	0.0	0.0	0
1696	5	149.16	412.146	199.479	417.996	10/13/12-10/13/12	0.0	0.14	0.0	0.0	0.0	0	17	0.7058824	0.0	0.0	0
1697	5	250.08	412.146	286.711	417.996	:305:58:40A-	0.0	0.21	0.0	0.0	0.0	16	12	0.5833333	0.0	0.0	0
1698	5	288.61	412.146	319.115	417.996	News-News	0.0	0.22	0.0	0.0	0.0	1514	9	0.0	0.0	0.0	0
1699	5	490.679	412.026	511.966	417.876	$600.00	0.0	0.24	0.0	0.0	0.67	0	7	0.71428573	1.0	6.398595	0
1700	5	550.92	412.026	597.29	417.996	$600.00Asheville	0.0	0.27	0.0	0.0	0.0	2054	16	0.3125	0.0	0.0	0
1701	5	599.169	412.146	619.718	417.996	(WLOS)	0.0	0.27	0.0	0.0	0.0	1973	6	0.0	0.0	0.0	0
1702	5	666.72	412.146	682.786	417.996	NEWS	0.0	0.27	0.0	0.0	0.0	17	4	0.0	0.0	0.0	0
1703	5	693.124	412.146	722.396	417.996	SATURDAY	0.0	0.26	0.0	0.0	0.0	170	8	0.0	0.0	0.0	0
1704	5	743.76	412.146	764.56	417.996	10/5/12	0.0	0.3	0.0	0.0	0.0	0	7	0.71428573	0.0	0.0	0
1705	5	260.4	419.346	271.811	425.196	6am	0.0	0.36	0.0	0.0	0.0	73	3	0.33333334	0.0	0.0	0
1706	5	273.725	419.346	297.238	425.196	Saturday	0.0	0.36	0.0	0.0	0.0	170	8	0.0	0.0	0.0	0
1707	5	31.799	429.906	63.773	435.756	69.0Normal	0.0	0.36	0.0	0.0	0.0	461	10	0.3	0.0	0.0	0
1708	5	65.642	429.906	76.492	435.756	Line	0.0	0.22	0.0	0.0	0.0	89	4	0.0	0.0	0.0	0
1709	5	82.572	429.906	96.767	435.756	News	0.0	0.22	0.0	0.0	0.0	17	4	0.0	0.0	0.0	0
1710	5	149.16	429.906	199.479	435.756	10/13/12-10/13/12	0.0	0.14	0.0	0.0	0.0	0	17	0.7058824	0.0	0.0	0
1711	5	250.08	429.906	286.711	435.756	:306:58:20A-	0.0	0.21	0.0	0.0	0.0	16	12	0.5833333	0.0	0.0	0
1712	5	288.61	429.906	319.115	435.756	News-News	0.0	0.22	0.0	0.0	0.0	1514	9	0.0	0.0	0.0	0
1713	5	490.679	429.786	511.966	435.636	$900.00	0.0	0.24	0.0	0.0	0.67	0	7	0.71428573	1.0	6.8035054	0
1714	5	550.92	429.786	597.29	435.756	$900.00Asheville	0.0	0.27	0.0	0.0	0.0	2054	16	0.3125	0.0	0.0	0
1715	5	599.169	429.906	619.718	435.756	(WLOS)	0.0	0.27	0.0	0.0	0.0	1973	6	0.0	0.0	0.0	0
1716	5	666.72	429.906	682.786	435.756	NEWS	0.0	0.27	0.0	0.0	0.0	17	4	0.0	0.0	0.0	0
1717	5	693.124	429.906	722.396	435.756	SATURDAY	0.0	0.26	0.0	0.0	0.0	170	8	0.0	0.0	0.0	0
1718	5	743.76	429.906	764.56	435.756	10/5/12	0.0	0.3	0.0	0.0	0.0	0	7	0.71428573	0.0	0.0	0
1719	5	260.4	437.106	271.811	442.956	7am	0.0	0.36	0.0	0.0	0.0	73	3	0.33333334	0.0	0.0	0
1720	5	273.725	437.106	297.238	442.956	Saturday	0.0	0.36	0.0	0.0	0.0	170	8	0.0	0.0	0.0	0
1721	5	31.799	447.666	63.773	453.516	70.0Normal	0.0	0.36	0.0	0.0	0.0	461	10	0.3	0.0	0.0	0
1722	5	65.642	447.666	76.492	453.516	Line	0.0	0.22	0.0	0.0	0.0	89	4	0.0	0.0	0.0	0
1723	5	82.572	447.666	96.767	453.516	News	0.0	0.22	0.0	0.0	0.0	17	4	0.0	0.0	0.0	0
1724	5	149.16	447.666	199.479	453.516	10/14/12-10/14/12	0.0	0.15	0.0	0.0	0.0	0	17	0.7058824	0.0	0.0	0
1725	5	250.08	447.666	278.067	453.516	:305:59A-	0.0	0.22	0.0	0.0	0.0	16	9	0.5555556	0.0	0.0	0
1726	5	279.966	447.666	310.471	453.516	News-News	0.0	0.22	0.0	0.0	0.0	1514	9	0.0	0.0	0.0	0
1727	5	490.679	447.666	511.966	453.516	$600.00	0.0	0.24	0.0	0.0	0.67	0	7	0.71428573	1.0	6.398595	0
1728	5	550.92	447.666	597.29	453.516	$600.00Asheville	0.0	0.27	0.0	0.0	0.0	2054	16	0.3125	0.0	0.0	0
1729	5	599.169	447.666	619.718	453.516	(WLOS)	0.0	0.27	0.0	0.0	0.0	1973	6	0.0	0.0	0.0	0
1730	5	666.72	447.666	682.786	453.516	NEWS	0.0	0.27	0.0	0.0	0.0	17	4	0.0	0.0	0.0	0
1731	5	693.124	447.666	715.548	453.516	SUNDAY	0.0	0.22	0.0	0.0	0.0	122	6	0.0	0.0	0.0	0
1732	5	743.76	447.666	764.56	453.516	10/5/12	0.0	0.22	0.0	0.0	0.0	0	7	0.71428573	0.0	0.0	0
1733	5	260.4	454.866	271.81	460.716	6am	0.0	0.34	0.0	0.0	0.0	73	3	0.33333334	0.0	0.0	0
1734	5	273.725	454.866	293.284	460.716	Sunday	0.0	0.34	0.0	0.0	0.0	122	6	0.0	0.0	0.0	0
1735	5	309.36	475.703	405.715	485.33	CONFIRMATION	0.0	0.34	0.0	0.0	0.0	342	12	0.0	0.0	0.0	0
1736	5	409.2	475.703	479.314	485.33	CONTRACT	0.0	0.34	0.0	0.0	0.0	53	8	0.0	0.0	0.0	0
1737	5	18.243	491.789	99.078	497.99	Accepted-Agency/Advertiser:	0.0	0.22	0.0	0.0	0.0	746	27	0.0	0.0	0.0	0
1738	5	236.399	491.789	251.849	497.99	Date:	0.0	0.22	0.0	0.0	0.0	8	5	0.0	0.0	0.0	0
1739	5	302.399	491.789	352.162	497.99	Accepted-Station:	0.0	0.23	0.0	0.0	0.0	731	17	0.0	0.0	0.0	0
1740	5	476.399	490.949	491.849	497.15	Date:	0.0	0.33	0.0	0.0	0.0	8	5	0.0	0.0	0.0	0
1741	5	533.156	490.949	565.532	497.15	Comments:	0.0	0.33	0.0	0.0	0.0	361	9	0.0	0.0	0.0	0
1742	5	14.399	575.789	24.09	581.99	B/E	0.0	0.33	0.0	0.0	0.0	124	3	0.0	0.0	0.0	0
1743	5	26.158	575.789	50.44	581.99	Bookend	0.0	0.33	0.0	0.0	0.0	669	7	0.0	0.0	0.0	0
1744	5	56.527	575.789	66.157	581.99	P/B	0.0	0.3	0.0	0.0	0.0	629	3	0.0	0.0	0.0	0
1745	5	68.164	575.789	83.222	581.99	Piggy	0.0	0.15	0.0	0.0	0.0	694	5	0.0	0.0	0.0	0
1746	5	85.212	575.789	98.341	581.99	Back	0.0	0.21	0.0	0.0	0.0	665	4	0.0	0.0	0.0	0
1747	5	740.04	581.928	754.988	588.714	Page	0.0	0.24	0.0	0.0	0.0	7	4	0.0	0.0	0.0	0
1748	5	14.399	588.177	39.25	596.016	Printed	0.0	0.32	0.0	0.0	0.0	159	7	0.0	0.0	0.0	0
1749	5	41.765	588.177	52.052	596.016	At:	0.0	0.21	0.0	0.0	0.0	74	3	0.0	0.0	0.0	0
1750	5	54.609	588.177	75.213	596.016	12:13	0.0	0.2	0.0	0.0	0.0	0	5	0.8	0.0	0.0	0
1751	5	102.278	588.177	134.235	596.016	Tuesday,	0.0	0.18	0.0	0.0	0.0	354	8	0.0	0.0	0.0	0
1752	5	136.721	588.177	164.577	596.016	October	0.0	0.26	0.0	0.0	0.0	191	7	0.0	0.0	0.0	0
1753	5	176.567	588.177	194.287	596.016	2012	0.0	0.26	0.0	0.0	0.62	0	4	1.0	1.0	7.6073813	0
1754	6	223.68	16.51	266.592	26.171	Contract	0.0	0.26	0.0	0.0	0.0	53	8	0.0	0.0	0.0	0
1755	6	289.68	16.765	339.224	27.474	1389462	0.0	0.22	0.0	0.0	0.63	0	7	1.0	1.0	14.144428	0
1756	6	447.96	18.674	460.776	23.912	Date	0.0	0.28	0.0	0.0	0.0	8	4	0.0	0.0	0.0	0
1757	6	462.364	18.674	483.772	23.912	Entered	0.0	0.28	0.0	0.0	0.0	598	7	0.0	0.0	0.0	0
1758	6	503.76	19.007	532.046	25.793	10/05/12	0.0	0.29	0.0	0.0	0.0	0	8	0.75	0.0	0.0	0
1759	6	608.283	17.842	639.915	24.593	Asheville	0.0	0.35	0.0	0.0	0.0	2054	9	0.0	0.0	0.0	0
1760	6	641.895	17.842	669.178	24.593	(WLOS)	0.0	0.35	0.0	0.0	0.0	1973	6	0.0	0.0	0.0	0
1761	6	223.68	29.594	248.489	34.832	Schedule	0.0	0.35	0.0	0.0	0.0	387	8	0.0	0.0	0.0	0
1762	6	250.077	29.594	265.707	34.832	Dates	0.0	0.35	0.0	0.0	0.0	18	5	0.0	0.0	0.0	0
1763	6	289.68	29.927	348.804	36.713	10/09/12-10/15/12	0.0	0.19	0.0	0.0	0.0	0	17	0.7058824	0.0	0.0	0
1764	6	447.96	30.194	459.333	35.432	Last	0.0	0.27	0.0	0.0	0.0	330	4	0.0	0.0	0.0	0
1765	6	460.925	30.194	484.486	35.432	Modified	0.0	0.31	0.0	0.0	0.0	645	8	0.0	0.0	0.0	0
1766	6	503.76	30.527	532.046	37.313	10/05/12	0.0	0.31	0.0	0.0	0.0	0	8	0.75	0.0	0.0	0
1767	6	618.0	27.407	648.163	34.193	Broadcast	0.0	0.37	0.0	0.0	0.0	41	9	0.0	0.0	0.0	0
1768	6	650.274	27.407	669.528	34.193	Month	0.0	0.38	0.0	0.0	0.0	52	5	0.0	0.0	0.0	0
1769	6	678.6	27.3	696.519	33.47	Spots	0.0	0.38	0.0	0.0	0.0	4	5	0.0	0.0	0.0	0
1770	6	747.12	27.3	761.949	33.47	Rate	0.0	0.38	0.0	0.0	0.0	13	4	0.0	0.0	0.0	0
1771	6	608.28	37.367	620.83	44.153	Oct.	0.0	0.33	0.0	0.0	0.0	464	4	0.0	0.0	0.0	0
1772	6	625.206	37.367	640.535	44.153	2012	0.0	0.23	0.0	0.0	0.62	0	4	1.0	1.0	7.6073813	0
1773	6	720.361	37.367	759.218	44.153	$142,700.00	0.0	0.19	0.0	0.0	1.0	0	11	0.72727275	1.0	11.868506	gross_amount
1774	6	115.44	43.367	137.171	51.809	WLOS	0.0	0.33	0.0	0.0	0.0	1973	4	0.0	0.0	0.0	0
1775	6	139.204	43.367	168.865	51.809	Asheville	0.0	0.65	0.0	0.0	0.0	2054	9	0.0	0.0	0.0	0
1776	6	223.682	40.775	254.862	46.595	Advertiser	0.0	0.78	0.0	0.0	0.0	6	10	0.0	0.0	0.0	0
1777	6	289.683	41.208	318.291	47.994	American	0.0	1.0	0.0	0.0	0.0	258	8	0.0	0.0	0.0	advertiser
1778	6	320.406	41.208	354.113	47.994	Crossroads	0.0	1.0	0.0	0.0	0.0	607	10	0.0	0.0	0.0	advertiser
1779	6	356.284	41.208	380.8	47.994	(41509)	0.0	0.84	0.0	0.0	0.0	0	7	0.71428573	0.0	0.0	0
1780	6	447.96	41.834	469.368	47.072	Entered	0.0	0.72	0.0	0.0	0.0	598	7	0.0	0.0	0.0	0
1781	6	503.76	40.487	523.275	47.273	Louise	0.0	0.37	0.0	0.0	0.0	2342	6	0.0	0.0	0.0	0
1782	6	525.488	40.487	546.599	47.273	Palmer	0.0	0.43	0.0	0.0	0.0	2399	6	0.0	0.0	0.0	0
1783	6	115.44	53.927	127.711	62.369	110	0.0	0.43	0.0	0.0	0.67	0	3	1.0	1.0	4.7095304	0
1784	6	129.718	53.927	167.85	62.369	Technology	0.0	0.57	0.0	0.0	0.0	1861	10	0.0	0.0	0.0	0
1785	6	223.682	53.015	245.503	58.835	Agency	0.0	0.76	0.0	0.0	0.0	2	6	0.0	0.0	0.0	0
1786	6	289.68	53.928	323.387	60.714	Crossroads	0.0	0.76	0.0	0.0	0.0	607	10	0.0	0.0	0.0	0
1787	6	325.558	53.928	378.193	60.714	Media-Alexandria	0.0	0.52	0.0	0.0	0.0	6096	16	0.0	0.0	0.0	0
1788	6	380.296	53.928	400.971	60.714	(2097)	0.0	0.46	0.0	0.0	0.0	0	6	0.6666667	0.0	0.0	0
1789	6	447.96	53.354	465.79	58.592	CO-OP	0.0	0.36	0.0	0.0	0.0	675	5	0.0	0.0	0.0	0
1790	6	608.28	49.109	625.241	55.31	Grand	0.0	0.35	0.0	0.0	0.0	503	5	0.0	0.0	0.0	0
1791	6	627.246	49.109	643.659	55.31	Total:	0.0	0.34	0.0	0.0	0.0	106	6	0.0	0.0	0.0	0
1792	6	720.36	50.687	759.216	57.473	$142,700.00	0.0	0.24	0.0	0.0	1.0	0	11	0.72727275	1.0	11.868506	gross_amount
1793	6	115.444	64.607	147.129	73.049	Asheville,	0.0	0.38	0.0	0.0	0.0	2054	10	0.0	0.0	0.0	0
1794	6	163.796	64.607	184.226	73.049	28803	0.0	0.38	0.0	0.0	0.59	0	5	1.0	1.0	10.26827	0
1795	6	223.68	65.594	245.006	70.832	Product	0.0	0.38	0.0	0.0	0.0	5	7	0.0	0.0	0.0	0
1796	6	289.68	65.927	323.162	72.713	POLITICAL	0.0	0.28	0.0	0.0	0.0	160	9	0.0	0.0	0.0	0
1797	6	325.336	65.927	362.61	72.713	CANDIDATE	0.0	0.3	0.0	0.0	0.0	292	9	0.0	0.0	0.0	0
1798	6	364.821	65.927	385.35	72.713	SUPER	0.0	0.33	0.0	0.0	0.0	3441	5	0.0	0.0	0.0	0
1799	6	387.506	65.927	399.737	72.713	PAC	0.0	0.33	0.0	0.0	0.0	617	3	0.0	0.0	0.0	0
1800	6	401.913	65.927	414.186	72.713	(ns)	0.0	0.33	0.0	0.0	0.0	904	4	0.0	0.0	0.0	0
1801	6	416.32	65.927	436.995	72.713	(1386)	0.0	0.28	0.0	0.0	0.0	0	6	0.6666667	0.0	0.0	0
1802	6	447.96	64.874	471.935	70.112	Headline	0.0	0.28	0.0	0.0	0.0	949	8	0.0	0.0	0.0	0
1803	6	503.76	63.527	546.937	70.313	ECR09836778	0.0	0.69	0.0	0.0	0.0	957	11	0.72727275	0.0	0.0	0
1804	6	223.68	77.594	239.926	82.832	Brand	0.0	0.88	0.0	0.0	0.0	366	5	0.0	0.0	0.0	0
1805	6	289.683	77.927	323.264	84.713	AMERICAN	0.0	1.0	0.0	0.0	0.0	258	8	0.0	0.0	0.0	advertiser
1806	6	325.454	77.927	368.592	84.713	CROSSROADS	0.0	1.0	0.0	0.0	0.0	607	10	0.0	0.0	0.0	advertiser
1807	6	370.711	77.927	399.067	84.713	(325849)	0.0	0.82	0.0	0.0	0.0	0	8	0.75	0.0	0.0	0
1808	6	447.959	76.394	463.779	81.632	Demo	0.0	0.75	0.0	0.0	0.0	416	4	0.0	0.0	0.0	0
1809	6	223.68	89.594	256.669	94.832	Salesperson	0.0	0.39	0.0	0.0	0.0	337	11	0.0	0.0	0.0	0
1810	6	289.68	89.927	339.213	96.713	Millennium/PHL,	0.0	0.25	0.0	0.0	0.0	2319	15	0.0	0.0	0.0	0
1811	6	341.426	89.927	377.865	96.713	Philadelphia	0.0	0.25	0.0	0.0	0.0	217	12	0.0	0.0	0.0	0
1812	6	379.969	89.927	400.643	96.713	(1103)	0.0	0.23	0.0	0.0	0.0	0	6	0.6666667	0.0	0.0	0
1813	6	447.959	88.034	463.508	93.272	Order	0.0	0.2	0.0	0.0	0.0	9	5	0.0	0.0	0.0	0
1814	6	465.123	88.034	478.174	93.272	Type	0.0	0.2	0.0	0.0	0.0	45	4	0.0	0.0	0.0	0
1815	6	505.56	88.127	527.673	94.913	Normal	0.0	0.25	0.0	0.0	0.0	461	6	0.0	0.0	0.0	0
1816	6	447.96	98.594	470.734	103.832	Package	0.0	0.29	0.0	0.0	0.0	390	7	0.0	0.0	0.0	0
1817	6	472.323	98.594	484.518	103.832	Deal	0.0	0.29	0.0	0.0	0.0	284	4	0.0	0.0	0.0	0
1818	6	223.68	102.434	238.109	107.672	Sales	0.0	0.29	0.0	0.0	0.0	10	5	0.0	0.0	0.0	0
1819	6	239.645	102.434	255.694	107.672	Office	0.0	0.46	0.0	0.0	0.0	12	6	0.0	0.0	0.0	0
1820	6	289.68	102.168	322.44	108.954	Millennium	0.0	0.56	0.0	0.0	0.0	442	10	0.0	0.0	0.0	0
1821	6	324.627	102.168	361.067	108.954	Philadelphia	0.0	0.7	0.0	0.0	0.0	217	12	0.0	0.0	0.0	0
1822	6	28.199	111.408	65.734	119.85	Crossroads	0.0	0.71	0.0	0.0	0.0	607	10	0.0	0.0	0.0	0
1823	6	67.796	111.408	125.06	119.85	Media-Alexandria	0.0	0.5	0.0	0.0	0.0	6096	16	0.0	0.0	0.0	0
1824	6	223.68	114.794	239.59	120.032	Buyer	0.0	0.46	0.0	0.0	0.0	326	5	0.0	0.0	0.0	0
1825	6	241.204	114.794	257.025	120.032	Name	0.0	0.47	0.0	0.0	0.0	110	4	0.0	0.0	0.0	0
1826	6	289.68	113.928	341.239	120.714	Maron,Stephanie	0.0	0.47	0.0	0.0	0.0	8887	15	0.0	0.0	0.0	0
1827	6	447.96	110.234	480.948	115.472	Commission	0.0	0.47	0.0	0.0	0.0	83	10	0.0	0.0	0.0	0
1828	6	504.36	110.568	521.851	117.354	15.00	0.0	0.37	0.0	0.0	0.57	0	5	0.8	1.0	2.7725887	0
1829	6	38.398	122.088	57.56	130.53	Canal	0.0	0.35	0.0	0.0	0.0	622	5	0.0	0.0	0.0	0
1830	6	59.637	122.088	81.659	130.53	Center	0.0	0.35	0.0	0.0	0.0	403	6	0.0	0.0	0.0	0
1831	6	83.638	122.088	102.147	130.53	Plaza	0.0	0.35	0.0	0.0	0.0	616	5	0.0	0.0	0.0	0
1832	6	223.68	125.594	253.589	130.832	Phone/Fax	0.0	0.33	0.0	0.0	0.0	680	9	0.0	0.0	0.0	0
1833	6	447.96	123.434	480.948	128.672	Commission	0.0	0.36	0.0	0.0	0.0	83	10	0.0	0.0	0.0	0
1834	6	504.36	123.768	539.376	130.554	$21,405.00	0.0	0.29	0.0	0.0	0.71	0	10	0.7	1.0	9.971427	0
1835	6	28.199	132.768	39.272	141.21	Ste	0.0	0.29	0.0	0.0	0.0	344	3	0.0	0.0	0.0	0
1836	6	41.28	132.768	53.55	141.21	555	0.0	0.27	0.0	0.0	0.4	0	3	1.0	1.0	6.3207684	0
1837	6	223.68	137.594	234.203	142.832	CPE	0.0	0.15	0.0	0.0	0.0	411	3	0.0	0.0	0.0	0
1838	6	289.68	138.288	325.648	145.074	11/27/1088	0.0	0.12	0.0	0.0	0.0	0	10	0.8	0.0	0.0	0
1839	6	447.96	136.634	457.654	141.872	Net	0.0	0.21	0.0	0.0	0.0	14	3	0.0	0.0	0.0	0
1840	6	459.247	136.634	473.122	141.872	Total	0.0	0.26	0.0	0.0	0.0	106	5	0.0	0.0	0.0	0
1841	6	504.36	136.968	543.216	143.754	$121,295.00	0.0	0.29	0.0	0.0	0.56	0	11	0.72727275	1.0	11.705989	0
1842	6	28.204	143.448	65.051	151.89	Alexandria,	0.0	0.39	0.0	0.0	0.0	220	11	0.0	0.0	0.0	0
1843	6	80.996	143.448	101.426	151.89	22314	0.0	0.33	0.0	0.0	0.59	0	5	1.0	1.0	10.013015	0
1844	6	223.682	149.594	245.726	154.832	Account	0.0	0.28	0.0	0.0	0.0	15	7	0.0	0.0	0.0	0
1845	6	247.318	149.594	263.183	154.832	Types	0.0	0.26	0.0	0.0	0.0	596	5	0.0	0.0	0.0	0
1846	6	289.68	149.928	340.362	156.714	National/Political	0.0	0.32	0.0	0.0	0.0	724	18	0.0	0.0	0.0	0
1847	6	342.492	149.928	358.878	156.714	Issue	0.0	0.38	0.0	0.0	0.0	343	5	0.0	0.0	0.0	0
1848	6	361.094	149.928	383.405	156.714	Agency	0.0	0.44	0.0	0.0	0.0	2	6	0.0	0.0	0.0	0
1849	6	385.576	149.928	398.704	156.714	BRD	0.0	0.44	0.0	0.0	0.0	958	3	0.0	0.0	0.0	0
1850	6	447.959	148.154	462.388	153.392	Sales	0.0	0.44	0.0	0.0	0.0	10	5	0.0	0.0	0.0	0
1851	6	463.924	148.154	473.795	153.392	Tax	0.0	0.4	0.0	0.0	0.0	319	3	0.0	0.0	0.0	0
1852	6	223.68	161.594	241.007	166.832	Billing	0.0	0.3	0.0	0.0	0.0	11	7	0.0	0.0	0.0	0
1853	6	242.522	161.594	255.574	166.832	Type	0.0	0.35	0.0	0.0	0.0	45	4	0.0	0.0	0.0	0
1854	6	289.68	161.928	317.055	168.714	Standard	0.0	0.69	0.0	0.0	0.0	414	8	0.0	0.0	0.0	0
1855	6	223.68	173.354	252.75	178.592	Comments	0.0	0.82	0.0	0.0	0.0	361	8	0.0	0.0	0.0	0
1856	6	289.682	173.466	314.153	179.316	American	0.0	1.0	0.0	0.0	0.0	258	8	0.0	0.0	0.0	advertiser
1857	6	316.084	173.466	344.922	179.316	Crossroads	0.0	1.0	0.0	0.0	0.0	607	10	0.0	0.0	0.0	advertiser
1858	6	289.682	180.666	318.54	186.516	AMERICAN	0.0	1.0	0.0	0.0	0.0	258	8	0.0	0.0	0.0	advertiser
1859	6	320.411	180.666	357.612	186.516	CROSSROADS	0.0	1.0	0.0	0.0	0.0	607	10	0.0	0.0	0.0	advertiser
1860	6	25.08	291.425	35.929	297.275	Line	0.0	0.9	0.0	0.0	0.0	89	4	0.0	0.0	0.0	0
1861	6	54.6	291.425	65.449	297.275	Line	0.0	0.82	0.0	0.0	0.0	89	4	0.0	0.0	0.0	0
1862	6	67.331	291.425	80.332	297.275	Type	0.0	0.5	0.0	0.0	0.0	45	4	0.0	0.0	0.0	0
1863	6	86.411	291.425	101.279	297.275	Break	0.0	0.19	0.0	0.0	0.0	68	5	0.0	0.0	0.0	0
1864	6	103.211	291.425	116.212	297.275	Type	0.0	0.19	0.0	0.0	0.0	45	4	0.0	0.0	0.0	0
1865	6	118.21	291.425	129.243	297.275	(Ref	0.0	0.25	0.0	0.0	0.0	63	4	0.0	0.0	0.0	0
1866	6	176.16	291.545	191.195	297.395	Dates	0.0	0.31	0.0	0.0	0.0	18	5	0.0	0.0	0.0	0
1867	6	220.44	291.545	229.688	297.395	Sec	0.0	0.31	0.0	0.0	0.0	603	3	0.0	0.0	0.0	0
1868	6	236.64	291.545	254.875	297.395	Length	0.0	0.29	0.0	0.0	0.0	56	6	0.0	0.0	0.0	0
1869	6	284.4	291.305	294.838	297.155	Run	0.0	0.32	0.0	0.0	0.0	325	3	0.0	0.0	0.0	0
1870	6	296.772	291.305	312.412	297.155	Times	0.0	0.36	0.0	0.0	0.0	538	5	0.0	0.0	0.0	0
1871	6	339.36	291.425	351.499	297.275	SPW	0.0	0.36	0.0	0.0	0.0	468	3	0.0	0.0	0.0	0
1872	6	453.722	291.785	468.402	297.635	Spots	0.0	0.32	0.0	0.0	0.0	4	5	0.0	0.0	0.0	0
1873	6	485.279	291.785	497.322	297.635	Rate	0.0	0.32	0.0	0.0	0.0	13	4	0.0	0.0	0.0	0
1874	6	536.282	291.785	549.534	297.635	Total	0.0	0.31	0.0	0.0	0.0	106	5	0.0	0.0	0.0	0
1875	6	610.079	291.785	628.551	297.635	Station	0.0	0.31	0.0	0.0	0.0	57	7	0.0	0.0	0.0	0
1876	6	690.479	291.785	718.602	297.635	Comments	0.0	0.31	0.0	0.0	0.0	361	8	0.0	0.0	0.0	0
1877	6	747.599	291.785	768.076	297.635	Entered	0.0	0.25	0.0	0.0	0.0	598	7	0.0	0.0	0.0	0
1878	6	31.799	303.906	63.773	309.756	71.0Normal	0.0	0.22	0.0	0.0	0.0	461	10	0.3	0.0	0.0	0
1879	6	65.642	303.906	76.492	309.756	Line	0.0	0.22	0.0	0.0	0.0	89	4	0.0	0.0	0.0	0
1880	6	82.572	303.906	96.767	309.756	News	0.0	0.22	0.0	0.0	0.0	17	4	0.0	0.0	0.0	0
1881	6	149.159	303.905	199.479	309.755	10/14/12-10/14/12	0.0	0.14	0.0	0.0	0.0	0	17	0.7058824	0.0	0.0	0
1882	6	250.08	303.905	286.71	309.756	:306:58:20A-	0.0	0.21	0.0	0.0	0.0	16	12	0.5833333	0.0	0.0	0
1883	6	288.61	303.905	319.115	309.755	News-News	0.0	0.22	0.0	0.0	0.0	1514	9	0.0	0.0	0.0	0
1884	6	490.679	303.786	511.966	309.636	$900.00	0.0	0.24	0.0	0.0	0.67	0	7	0.71428573	1.0	6.8035054	0
1885	6	550.92	303.786	597.29	309.756	$900.00Asheville	0.0	0.27	0.0	0.0	0.0	2054	16	0.3125	0.0	0.0	0
1886	6	599.169	303.906	619.718	309.756	(WLOS)	0.0	0.27	0.0	0.0	0.0	1973	6	0.0	0.0	0.0	0
1887	6	666.72	303.906	682.786	309.756	NEWS	0.0	0.27	0.0	0.0	0.0	17	4	0.0	0.0	0.0	0
1888	6	693.124	303.906	715.548	309.756	SUNDAY	0.0	0.22	0.0	0.0	0.0	122	6	0.0	0.0	0.0	0
1889	6	743.76	303.906	764.56	309.756	10/5/12	0.0	0.22	0.0	0.0	0.0	0	7	0.71428573	0.0	0.0	0
1890	6	260.4	311.106	271.811	316.956	7am	0.0	0.34	0.0	0.0	0.0	73	3	0.33333334	0.0	0.0	0
1891	6	273.725	311.106	293.285	316.956	Sunday	0.0	0.34	0.0	0.0	0.0	122	6	0.0	0.0	0.0	0
1892	6	309.36	475.703	405.715	485.33	CONFIRMATION	0.0	0.34	0.0	0.0	0.0	342	12	0.0	0.0	0.0	0
1893	6	409.2	475.703	479.314	485.33	CONTRACT	0.0	0.34	0.0	0.0	0.0	53	8	0.0	0.0	0.0	0
1894	6	18.243	491.789	99.078	497.99	Accepted-Agency/Advertiser:	0.0	0.22	0.0	0.0	0.0	746	27	0.0	0.0	0.0	0
1895	6	236.399	491.789	251.849	497.99	Date:	0.0	0.22	0.0	0.0	0.0	8	5	0.0	0.0	0.0	0
1896	6	302.399	491.789	352.162	497.99	Accepted-Station:	0.0	0.23	0.0	0.0	0.0	731	17	0.0	0.0	0.0	0
1897	6	476.399	490.949	491.849	497.15	Date:	0.0	0.33	0.0	0.0	0.0	8	5	0.0	0.0	0.0	0
1898	6	533.156	490.949	565.532	497.15	Comments:	0.0	0.33	0.0	0.0	0.0	361	9	0.0	0.0	0.0	0
1899	6	14.399	575.789	24.09	581.99	B/E	0.0	0.33	0.0	0.0	0.0	124	3	0.0	0.0	0.0	0
1900	6	26.158	575.789	50.44	581.99	Bookend	0.0	0.33	0.0	0.0	0.0	669	7	0.0	0.0	0.0	0
1901	6	56.527	575.789	66.157	581.99	P/B	0.0	0.3	0.0	0.0	0.0	629	3	0.0	0.0	0.0	0
1902	6	68.164	575.789	83.222	581.99	Piggy	0.0	0.15	0.0	0.0	0.0	694	5	0.0	0.0	0.0	0
1903	6	85.212	575.789	98.341	581.99	Back	0.0	0.21	0.0	0.0	0.0	665	4	0.0	0.0	0.0	0
1904	6	740.04	581.928	754.988	588.714	Page	0.0	0.24	0.0	0.0	0.0	7	4	0.0	0.0	0.0	0
1905	6	14.399	588.177	39.25	596.016	Printed	0.0	0.32	0.0	0.0	0.0	159	7	0.0	0.0	0.0	0
1906	6	41.765	588.177	52.052	596.016	At:	0.0	0.21	0.0	0.0	0.0	74	3	0.0	0.0	0.0	0
1907	6	54.609	588.177	75.213	596.016	12:13	0.0	0.2	0.0	0.0	0.0	0	5	0.8	0.0	0.0	0
1908	6	102.278	588.177	134.235	596.016	Tuesday,	0.0	0.18	0.0	0.0	0.0	354	8	0.0	0.0	0.0	0
1909	6	136.721	588.177	164.577	596.016	October	0.0	0.18	0.0	0.0	0.0	191	7	0.0	0.0	0.0	0
1910	6	176.567	588.177	194.287	596.016	2012	0.0	0.0	0.0	0.0	0.62	0	4	1.0	1.0	7.6073813	0
