	page	x0	y0	x1	y1	token	contract_num	advertiser	flight_from	flight_to	gross_amount	tok_id	length	digitness	is_dollar	log_amount	label
0	0	230.8	11.168	291.712	20.416	Acknowledgment	0.0	0.3	0.0	0.0	0.0	855	14	0.0	0.0	0.0	0
1	0	302.832	11.168	341.96	20.416	Agreement	0.0	0.3	0.0	0.0	0.0	115	9	0.0	0.0	0.0	0
2	0	344.184	11.168	375.312	20.416	Between	0.0	0.3	0.0	0.0	0.0	120	7	0.0	0.0	0.0	0
3	0	377.536	11.168	410.872	20.416	WPVI-TV	0.0	0.29	0.0	0.0	0.0	1063	7	0.0	0.0	0.0	0
4	0	413.096	11.168	470.448	20.416	PHILADELPHIA	0.0	0.29	0.0	0.0	0.0	217	12	0.0	0.0	0.0	0
5	0	472.672	11.168	486.016	20.416	and	0.0	0.26	0.0	0.0	0.0	77	3	0.0	0.0	0.0	0
6	0	598.12	9.776	666.432	19.296	DATE:10-15-2012	0.0	0.26	0.0	0.0	0.0	8	15	0.53333336	0.0	0.0	0
7	0	679.52	9.776	712.088	19.296	PAGE:1	0.0	0.22	0.0	0.0	0.0	7	6	0.16666667	0.0	0.0	0
8	0	130.52	23.518	163.856	32.766	WPVI-TV	0.0	0.16	0.0	0.0	0.0	1063	7	0.0	0.0	0.0	0
9	0	166.08	23.518	223.432	32.766	PHILADELPHIA	0.0	0.22	0.0	0.0	0.0	217	12	0.0	0.0	0.0	0
10	0	510.04	23.528	549.608	32.776	MESSAGE	0.0	0.29	0.0	0.0	0.0	1644	7	0.0	0.0	0.0	0
11	0	559.392	23.528	584.728	32.776	MEDIA	0.0	0.31	0.0	0.0	0.0	59	5	0.0	0.0	0.0	0
12	0	591.84	23.528	614.08	32.776	19123	0.0	0.25	0.0	0.0	0.59	0	5	1.0	1.0	9.8587	0
13	0	130.52	32.518	148.312	41.766	4100	0.0	0.22	0.0	0.0	0.75	0	4	1.0	1.0	8.318986	0
14	0	150.536	32.518	164.312	41.766	City	0.0	0.32	0.0	0.0	0.0	551	4	0.0	0.0	0.0	0
15	0	166.536	32.518	181.656	41.766	Line	0.0	0.35	0.0	0.0	0.0	89	4	0.0	0.0	0.0	0
16	0	183.88	32.518	199.888	41.766	Ave.	0.0	0.35	0.0	0.0	0.0	198	4	0.0	0.0	0.0	0
17	0	510.04	32.528	533.152	41.776	ATTN:	0.0	0.35	0.0	0.0	0.0	875	5	0.0	0.0	0.0	0
18	0	535.376	32.528	556.272	41.776	LEAH	0.0	0.35	0.0	0.0	0.0	2933	4	0.0	0.0	0.0	0
19	0	558.496	32.528	603.392	41.776	CASTERLIN	0.0	0.35	0.0	0.0	0.0	2965	9	0.0	0.0	0.0	0
20	0	130.52	41.518	187.872	50.766	PHILADELPHIA	0.0	0.24	0.0	0.0	0.0	217	12	0.0	0.0	0.0	0
21	0	202.992	41.518	225.232	50.766	19131	0.0	0.2	0.0	0.0	0.59	0	5	1.0	1.0	9.8591175	0
22	0	510.04	41.528	523.384	50.776	100	0.0	0.17	0.0	0.0	0.8	0	3	1.0	1.0	4.6151204	0
23	0	525.608	41.528	557.176	50.776	ALBANY	0.0	0.31	0.0	0.0	0.0	1915	6	0.0	0.0	0.0	0
24	0	559.4	41.528	590.96	50.776	STREET	0.0	0.36	0.0	0.0	0.0	162	6	0.0	0.0	0.0	0
25	0	510.04	50.488	528.704	59.736	NEW	0.0	0.36	0.0	0.0	0.0	46	3	0.0	0.0	0.0	0
26	0	530.928	50.488	579.816	59.736	BRUNSWICK	0.0	0.36	0.0	0.0	0.0	2571	9	0.0	0.0	0.0	0
27	0	594.04	50.488	616.28	59.736	08901	0.0	0.28	0.0	0.0	0.62	0	5	1.0	1.0	9.094031	0
28	0	11.0	83.158	41.232	92.406	Contract	0.0	0.31	0.0	0.0	0.0	53	8	0.0	0.0	0.0	0
29	0	60.76	83.158	90.992	92.406	Contract	0.0	0.32	0.0	0.0	0.0	53	8	0.0	0.0	0.0	0
30	0	112.12	83.158	142.792	92.406	Revision	0.0	0.31	0.0	0.0	0.0	75	8	0.0	0.0	0.0	0
31	0	161.64	83.158	180.312	92.406	Rev#	0.0	0.31	0.0	0.0	0.0	71	4	0.0	0.0	0.0	0
32	0	185.64	83.158	221.648	92.406	Advertiser	0.0	0.31	0.0	0.0	0.0	6	10	0.0	0.0	0.0	0
33	0	348.76	83.158	370.104	92.406	Brand	0.0	0.28	0.0	0.0	0.0	366	5	0.0	0.0	0.0	0
34	0	527.64	83.168	555.208	92.416	Product	0.0	0.28	0.0	0.0	0.0	5	7	0.0	0.0	0.0	0
35	0	557.432	83.168	576.552	92.416	Code	0.0	0.31	0.0	0.0	0.0	19	4	0.0	0.0	0.0	0
36	0	659.24	83.168	710.816	92.416	Station/Market	0.0	0.31	0.0	0.0	0.0	853	14	0.0	0.0	0.0	0
37	0	19.12	93.278	45.808	102.526	402237	0.0	0.27	0.0	0.0	0.44	0	6	1.0	1.0	12.904799	0
38	0	59.08	93.278	99.992	102.526	10-11-2012	0.0	0.32	0.0	0.0	0.0	0	10	0.8	0.0	0.0	0
39	0	110.24	93.278	151.152	102.526	10-12-2012	0.0	0.51	0.0	0.0	0.0	0	10	0.8	0.0	0.0	0
40	0	184.52	93.278	229.408	102.526	MENENDEZ	0.0	1.0	0.0	0.0	0.0	2597	8	0.0	0.0	0.0	advertiser
41	0	231.632	93.278	248.52	102.526	FOR	0.0	1.0	0.0	0.0	0.0	50	3	0.0	0.0	0.0	advertiser
42	0	250.744	93.278	284.976	102.526	SENATE,	0.0	1.0	0.0	0.0	0.0	249	7	0.0	0.0	0.0	advertiser
43	0	287.2	93.278	300.976	102.526	INC	0.0	1.0	0.0	0.0	0.0	166	3	0.0	0.0	0.0	advertiser
44	0	348.76	93.278	365.656	102.526	BOB	0.0	0.7	0.0	0.0	0.0	1147	3	0.0	0.0	0.0	0
45	0	367.88	93.278	412.768	102.526	MENENDEZ	0.0	0.85	0.0	0.0	0.0	2597	8	0.0	0.0	0.0	0
46	0	414.992	93.278	431.88	102.526	FOR	0.0	0.85	0.0	0.0	0.0	50	3	0.0	0.0	0.0	0
47	0	447.44	93.278	479.448	102.526	SENATE	0.0	0.85	0.0	0.0	0.0	249	6	0.0	0.0	0.0	0
48	0	527.64	93.278	573.88	102.526	POLITICALS	0.0	0.52	0.0	0.0	0.0	856	10	0.0	0.0	0.0	0
49	0	659.24	93.278	679.688	102.526	WPVI	0.0	0.39	0.0	0.0	0.0	901	4	0.0	0.0	0.0	0
50	0	686.8	93.278	744.152	102.526	PHILADELPHIA	0.0	0.26	0.0	0.0	0.0	217	12	0.0	0.0	0.0	0
51	0	35.44	113.518	62.12	122.766	Agency	0.0	0.35	0.0	0.0	0.0	2	6	0.0	0.0	0.0	0
52	0	64.344	113.518	80.352	122.766	Est#	0.0	0.35	0.0	0.0	0.0	395	4	0.0	0.0	0.0	0
53	0	142.88	113.928	160.656	123.176	CMS	0.0	0.35	0.0	0.0	0.0	890	3	0.0	0.0	0.0	0
54	0	184.48	113.518	204.488	122.766	Sales	0.0	0.21	0.0	0.0	0.0	10	5	0.0	0.0	0.0	0
55	0	206.712	113.518	227.608	122.766	Office	0.0	0.23	0.0	0.0	0.0	12	6	0.0	0.0	0.0	0
56	0	257.96	113.518	286.864	122.766	Account	0.0	0.26	0.0	0.0	0.0	15	7	0.0	0.0	0.0	0
57	0	289.088	113.518	323.768	122.766	Executive	0.0	0.31	0.0	0.0	0.0	24	9	0.0	0.0	0.0	0
58	0	361.68	113.518	378.576	122.766	Start	0.0	0.38	0.0	0.0	0.0	26	5	0.0	0.0	0.0	0
59	0	380.8	113.518	397.696	122.766	Date	0.0	0.46	0.0	0.0	0.0	8	4	0.0	0.0	0.0	0
60	0	415.52	113.518	429.752	122.766	End	0.0	0.46	0.0	0.0	0.0	28	3	0.0	0.0	0.0	0
61	0	431.976	113.518	448.872	122.766	Date	0.0	0.46	0.0	0.0	0.0	8	4	0.0	0.0	0.0	0
62	0	461.24	113.518	482.576	122.766	Billing	0.0	0.46	0.0	0.0	0.0	11	7	0.0	0.0	0.0	0
63	0	581.64	113.518	612.768	122.766	Package	0.0	0.43	0.0	0.0	0.0	390	7	0.0	0.0	0.0	0
64	0	619.88	113.528	650.112	122.776	Contract	0.0	0.3	0.0	0.0	0.0	53	8	0.0	0.0	0.0	0
65	0	652.336	113.528	667.448	122.776	Title	0.0	0.18	0.0	0.0	0.0	729	5	0.0	0.0	0.0	0
66	0	139.84	123.998	166.528	133.246	246223	0.0	0.2	0.0	0.0	0.33	0	6	1.0	1.0	12.413997	0
67	0	185.24	124.758	242.592	134.006	PHILADELPHIA	0.0	0.23	0.0	0.0	0.0	217	12	0.0	0.0	0.0	0
68	0	267.424	124.758	307.424	134.006	CLIFFORD	0.0	0.23	0.0	0.0	0.0	850	8	0.0	0.0	0.0	0
69	0	357.76	124.758	398.672	134.006	10-16-2012	0.0	0.19	0.0	0.0	0.0	0	10	0.8	0.0	0.0	0
70	0	408.92	124.758	449.832	134.006	10-22-2012	0.0	0.19	0.0	0.0	0.0	0	10	0.8	0.0	0.0	0
71	0	470.128	124.758	508.808	134.006	(Broadcast	0.0	0.25	0.0	0.0	0.0	41	10	0.0	0.0	0.0	0
72	0	511.032	124.758	535.488	134.006	Month,	0.0	0.3	0.0	0.0	0.0	52	6	0.0	0.0	0.0	0
73	0	537.712	124.758	557.712	134.006	Cycle	0.0	0.17	0.0	0.0	0.0	32	5	0.0	0.0	0.0	0
74	0	618.76	124.768	645.448	134.016	246223	0.0	0.3	0.0	0.0	0.33	0	6	1.0	1.0	12.413997	0
75	0	12.2	134.888	27.32	144.136	Line	0.0	0.35	0.0	0.0	0.0	89	4	0.0	0.0	0.0	0
76	0	32.64	134.888	49.536	144.136	Start	0.0	0.38	0.0	0.0	0.0	26	5	0.0	0.0	0.0	0
77	0	51.76	134.888	68.656	144.136	Date	0.0	0.44	0.0	0.0	0.0	8	4	0.0	0.0	0.0	0
78	0	79.12	134.888	93.352	144.136	End	0.0	0.44	0.0	0.0	0.0	28	3	0.0	0.0	0.0	0
79	0	95.576	134.888	112.472	144.136	Date	0.0	0.44	0.0	0.0	0.0	8	4	0.0	0.0	0.0	0
80	0	128.24	134.888	146.016	144.136	Time	0.0	0.44	0.0	0.0	0.0	22	4	0.0	0.0	0.0	0
81	0	148.24	134.888	171.36	144.136	Period	0.0	0.42	0.0	0.0	0.0	107	6	0.0	0.0	0.0	0
82	0	238.52	134.888	278.528	144.136	Description	0.0	0.42	0.0	0.0	0.0	62	11	0.0	0.0	0.0	0
83	0	445.52	134.888	489.432	145.286	RCDuration	0.0	0.42	0.0	0.0	0.0	857	10	0.0	0.0	0.0	0
84	0	595.12	136.038	613.344	145.286	SPW	0.0	0.22	0.0	0.0	0.0	468	3	0.0	0.0	0.0	0
85	0	642.36	136.038	660.584	145.286	Price	0.0	0.24	0.0	0.0	0.0	295	5	0.0	0.0	0.0	0
86	0	664.88	136.038	676.44	145.286	Tot	0.0	0.24	0.0	0.0	0.0	834	3	0.0	0.0	0.0	0
87	0	678.664	136.038	699.12	145.286	Spots	0.0	0.24	0.0	0.0	0.0	4	5	0.0	0.0	0.0	0
88	0	736.88	136.048	754.664	145.296	Total	0.0	0.21	0.0	0.0	0.0	106	5	0.0	0.0	0.0	0
89	0	29.24	150.016	70.152	159.536	10-16-2012	0.0	0.11	0.0	0.0	0.0	0	10	0.8	0.0	0.0	0
90	0	78.2	150.016	119.112	159.536	10-19-2012	0.0	0.09	0.0	0.0	0.0	0	10	0.8	0.0	0.0	0
91	0	128.24	150.016	161.136	159.536	05:00AM	0.0	0.28	0.0	0.0	0.0	73	7	0.5714286	0.0	0.0	0
92	0	168.248	150.016	201.144	159.536	06:00AM	0.0	0.34	0.0	0.0	0.0	73	7	0.5714286	0.0	0.0	0
93	0	238.52	150.016	277.184	159.536	MORNING	0.0	0.43	0.0	0.0	0.0	152	7	0.0	0.0	0.0	0
94	0	279.408	150.016	303.408	159.536	NEWS	0.0	0.3	0.0	0.0	0.0	17	4	0.0	0.0	0.0	0
95	0	322.528	150.016	348.744	159.536	MO-FR	0.0	0.26	0.0	0.0	0.0	1091	5	0.0	0.0	0.0	0
96	0	350.968	150.016	374.088	159.536	(6948)	0.0	0.21	0.0	0.0	0.0	0	6	0.6666667	0.0	0.0	0
97	0	641.224	150.016	661.24	159.536	1,000	0.0	0.08	0.0	0.0	0.88	0	5	0.8	1.0	6.908755	0
98	0	730.12	150.016	761.256	159.536	4,000.00	0.0	0.07	0.0	0.0	0.75	0	8	0.75	1.0	8.2943	0
99	0	29.24	174.616	70.152	184.136	10-22-2012	0.0	0.05	0.0	0.0	0.0	0	10	0.8	0.0	0.0	0
100	0	78.2	174.616	119.112	184.136	10-22-2012	0.0	0.09	0.0	0.0	0.0	0	10	0.8	0.0	0.0	0
101	0	128.24	174.616	161.136	184.136	05:00AM	0.0	0.28	0.0	0.0	0.0	73	7	0.5714286	0.0	0.0	0
102	0	168.248	174.616	201.144	184.136	06:00AM	0.0	0.34	0.0	0.0	0.0	73	7	0.5714286	0.0	0.0	0
103	0	238.52	174.616	277.184	184.136	MORNING	0.0	0.43	0.0	0.0	0.0	152	7	0.0	0.0	0.0	0
104	0	279.408	174.616	303.408	184.136	NEWS	0.0	0.3	0.0	0.0	0.0	17	4	0.0	0.0	0.0	0
105	0	322.528	174.616	348.744	184.136	MO-FR	0.0	0.26	0.0	0.0	0.0	1091	5	0.0	0.0	0.0	0
106	0	350.968	174.616	374.088	184.136	(6948)	0.0	0.21	0.0	0.0	0.0	0	6	0.6666667	0.0	0.0	0
107	0	641.224	174.616	661.24	184.136	1,000	0.0	0.08	0.0	0.0	0.88	0	5	0.8	1.0	6.908755	0
108	0	730.12	174.616	761.256	184.136	1,000.00	0.0	0.07	0.0	0.0	0.88	0	8	0.75	1.0	6.908755	0
109	0	29.24	199.176	70.152	208.696	10-16-2012	0.0	0.05	0.0	0.0	0.0	0	10	0.8	0.0	0.0	0
110	0	78.2	199.176	119.112	208.696	10-19-2012	0.0	0.09	0.0	0.0	0.0	0	10	0.8	0.0	0.0	0
111	0	128.24	199.176	161.136	208.696	06:00AM	0.0	0.28	0.0	0.0	0.0	73	7	0.5714286	0.0	0.0	0
112	0	168.248	199.176	201.144	208.696	07:00AM	0.0	0.34	0.0	0.0	0.0	73	7	0.5714286	0.0	0.0	0
113	0	238.52	199.176	277.184	208.696	MORNING	0.0	0.43	0.0	0.0	0.0	152	7	0.0	0.0	0.0	0
114	0	279.408	199.176	303.408	208.696	NEWS	0.0	0.3	0.0	0.0	0.0	17	4	0.0	0.0	0.0	0
115	0	322.528	199.176	348.744	208.696	MO-FR	0.0	0.26	0.0	0.0	0.0	1091	5	0.0	0.0	0.0	0
116	0	350.968	199.176	374.088	208.696	(6949)	0.0	0.21	0.0	0.0	0.0	0	6	0.6666667	0.0	0.0	0
117	0	641.224	199.176	661.24	208.696	2,000	0.0	0.08	0.0	0.0	0.75	0	5	0.8	1.0	7.6014023	0
118	0	730.12	199.176	761.256	208.696	8,000.00	0.0	0.07	0.0	0.0	0.75	0	8	0.75	1.0	8.987322	0
119	0	29.24	223.736	70.152	233.256	10-22-2012	0.0	0.05	0.0	0.0	0.0	0	10	0.8	0.0	0.0	0
120	0	78.2	223.736	119.112	233.256	10-22-2012	0.0	0.09	0.0	0.0	0.0	0	10	0.8	0.0	0.0	0
121	0	128.24	223.736	161.136	233.256	06:00AM	0.0	0.28	0.0	0.0	0.0	73	7	0.5714286	0.0	0.0	0
122	0	168.248	223.736	201.144	233.256	07:00AM	0.0	0.34	0.0	0.0	0.0	73	7	0.5714286	0.0	0.0	0
123	0	238.52	223.736	277.184	233.256	MORNING	0.0	0.43	0.0	0.0	0.0	152	7	0.0	0.0	0.0	0
124	0	279.408	223.736	303.408	233.256	NEWS	0.0	0.3	0.0	0.0	0.0	17	4	0.0	0.0	0.0	0
125	0	322.528	223.736	348.744	233.256	MO-FR	0.0	0.26	0.0	0.0	0.0	1091	5	0.0	0.0	0.0	0
126	0	350.968	223.736	374.088	233.256	(6949)	0.0	0.21	0.0	0.0	0.0	0	6	0.6666667	0.0	0.0	0
127	0	641.224	223.736	661.24	233.256	2,000	0.0	0.08	0.0	0.0	0.75	0	5	0.8	1.0	7.6014023	0
128	0	730.12	223.736	761.256	233.256	2,000.00	0.0	0.07	0.0	0.0	0.75	0	8	0.75	1.0	7.6014023	0
129	0	29.24	248.336	70.152	257.856	10-16-2012	0.0	0.05	0.0	0.0	0.0	0	10	0.8	0.0	0.0	0
130	0	78.2	248.336	119.112	257.856	10-19-2012	0.0	0.09	0.0	0.0	0.0	0	10	0.8	0.0	0.0	0
131	0	128.24	248.336	161.136	257.856	07:00AM	0.0	0.28	0.0	0.0	0.0	73	7	0.5714286	0.0	0.0	0
132	0	168.248	248.336	201.144	257.856	09:00AM	0.0	0.34	0.0	0.0	0.0	73	7	0.5714286	0.0	0.0	0
133	0	238.52	248.336	277.184	257.856	MORNING	0.0	0.43	0.0	0.0	0.0	152	7	0.0	0.0	0.0	0
134	0	279.408	248.336	303.408	257.856	NEWS	0.0	0.29	0.0	0.0	0.0	17	4	0.0	0.0	0.0	0
135	0	305.632	248.336	324.296	257.856	GMA	0.0	0.29	0.0	0.0	0.0	227	3	0.0	0.0	0.0	0
136	0	343.416	248.336	369.632	257.856	MO-FR	0.0	0.23	0.0	0.0	0.0	1091	5	0.0	0.0	0.0	0
137	0	371.856	248.336	394.976	257.856	(6910)	0.0	0.19	0.0	0.0	0.0	0	6	0.6666667	0.0	0.0	0
138	0	641.224	248.336	661.24	257.856	1,400	0.0	0.08	0.0	0.0	0.75	0	5	0.8	1.0	7.2449417	0
139	0	730.12	248.336	761.256	257.856	5,600.00	0.0	0.07	0.0	0.0	0.62	0	8	0.75	1.0	8.6307	0
140	0	29.24	272.896	70.152	282.416	10-22-2012	0.0	0.05	0.0	0.0	0.0	0	10	0.8	0.0	0.0	0
141	0	78.2	272.896	119.112	282.416	10-22-2012	0.0	0.09	0.0	0.0	0.0	0	10	0.8	0.0	0.0	0
142	0	128.24	272.896	161.136	282.416	07:00AM	0.0	0.28	0.0	0.0	0.0	73	7	0.5714286	0.0	0.0	0
143	0	168.248	272.896	201.144	282.416	09:00AM	0.0	0.34	0.0	0.0	0.0	73	7	0.5714286	0.0	0.0	0
144	0	238.52	272.896	277.184	282.416	MORNING	0.0	0.43	0.0	0.0	0.0	152	7	0.0	0.0	0.0	0
145	0	279.408	272.896	303.408	282.416	NEWS	0.0	0.29	0.0	0.0	0.0	17	4	0.0	0.0	0.0	0
146	0	305.632	272.896	324.296	282.416	GMA	0.0	0.29	0.0	0.0	0.0	227	3	0.0	0.0	0.0	0
147	0	343.416	272.896	369.632	282.416	MO-FR	0.0	0.23	0.0	0.0	0.0	1091	5	0.0	0.0	0.0	0
148	0	371.856	272.896	394.976	282.416	(6910)	0.0	0.19	0.0	0.0	0.0	0	6	0.6666667	0.0	0.0	0
149	0	641.224	272.896	661.24	282.416	1,500	0.0	0.08	0.0	0.0	0.75	0	5	0.8	1.0	7.3138866	0
150	0	730.12	272.896	761.256	282.416	1,500.00	0.0	0.07	0.0	0.0	0.75	0	8	0.75	1.0	7.3138866	0
151	0	29.24	297.496	70.152	307.016	10-20-2012	0.0	0.05	0.0	0.0	0.0	0	10	0.8	0.0	0.0	0
152	0	78.2	297.496	119.112	307.016	10-20-2012	0.0	0.09	0.0	0.0	0.0	0	10	0.8	0.0	0.0	0
153	0	128.24	297.496	161.136	307.016	06:00AM	0.0	0.23	0.0	0.0	0.0	73	7	0.5714286	0.0	0.0	0
154	0	168.248	297.496	201.144	307.016	08:00AM	0.0	0.37	0.0	0.0	0.0	73	7	0.5714286	0.0	0.0	0
155	0	238.52	297.496	279.408	307.016	WEEKEND	0.0	0.39	0.0	0.0	0.0	320	7	0.0	0.0	0.0	0
156	0	281.632	297.496	305.632	307.016	NEWS	0.0	0.39	0.0	0.0	0.0	17	4	0.0	0.0	0.0	0
157	0	310.08	297.496	327.416	307.016	6-8A	0.0	0.39	0.0	0.0	0.0	16	4	0.5	0.0	0.0	0
158	0	345.2	297.496	368.32	307.016	(6997)	0.0	0.22	0.0	0.0	0.0	0	6	0.6666667	0.0	0.0	0
159	0	647.984	297.496	661.328	307.016	500	0.0	0.06	0.0	0.0	0.67	0	3	1.0	1.0	6.216606	0
160	0	730.12	297.496	761.256	307.016	1,000.00	0.0	0.07	0.0	0.0	0.88	0	8	0.75	1.0	6.908755	0
161	0	29.24	322.056	70.152	331.576	10-20-2012	0.0	0.05	0.0	0.0	0.0	0	10	0.8	0.0	0.0	0
162	0	78.2	322.056	119.112	331.576	10-20-2012	0.0	0.09	0.0	0.0	0.0	0	10	0.8	0.0	0.0	0
163	0	128.24	322.056	161.136	331.576	08:00AM	0.0	0.23	0.0	0.0	0.0	73	7	0.5714286	0.0	0.0	0
164	0	168.248	322.056	201.144	331.576	09:00AM	0.0	0.34	0.0	0.0	0.0	73	7	0.5714286	0.0	0.0	0
165	0	238.52	322.056	279.408	331.576	WEEKEND	0.0	0.35	0.0	0.0	0.0	320	7	0.0	0.0	0.0	0
166	0	281.632	322.056	300.296	331.576	NWS	0.0	0.35	0.0	0.0	0.0	437	3	0.0	0.0	0.0	0
167	0	306.968	322.056	325.632	331.576	GMA	0.0	0.35	0.0	0.0	0.0	227	3	0.0	0.0	0.0	0
168	0	341.192	322.056	364.312	331.576	(7098)	0.0	0.19	0.0	0.0	0.0	0	6	0.6666667	0.0	0.0	0
169	0	647.984	322.056	661.328	331.576	800	0.0	0.0	0.0	0.0	0.67	0	3	1.0	1.0	6.685861	0
170	0	736.88	322.056	761.344	331.576	800.00	0.0	0.0	0.0	0.0	0.67	0	6	0.8333333	1.0	6.685861	0
171	0	29.24	346.616	70.152	356.136	10-21-2012	0.0	0.04	0.0	0.0	0.0	0	10	0.8	0.0	0.0	0
172	0	78.2	346.616	119.112	356.136	10-21-2012	0.0	0.09	0.0	0.0	0.0	0	10	0.8	0.0	0.0	0
173	0	128.24	346.616	161.136	356.136	07:00AM	0.0	0.23	0.0	0.0	0.0	73	7	0.5714286	0.0	0.0	0
174	0	168.248	346.616	201.144	356.136	08:00AM	0.0	0.33	0.0	0.0	0.0	73	7	0.5714286	0.0	0.0	0
175	0	238.52	346.616	279.408	356.136	WEEKEND	0.0	0.34	0.0	0.0	0.0	320	7	0.0	0.0	0.0	0
176	0	281.632	346.616	300.296	356.136	NWS	0.0	0.34	0.0	0.0	0.0	437	3	0.0	0.0	0.0	0
177	0	304.744	346.616	322.08	356.136	7-8A	0.0	0.34	0.0	0.0	0.0	16	4	0.5	0.0	0.0	0
178	0	339.864	346.616	362.984	356.136	(7056)	0.0	0.17	0.0	0.0	0.0	0	6	0.6666667	0.0	0.0	0
179	0	647.984	346.616	661.328	356.136	600	0.0	0.0	0.0	0.0	0.67	0	3	1.0	1.0	6.398595	0
180	0	736.88	346.616	761.344	356.136	600.00	0.0	0.0	0.0	0.0	0.67	0	6	0.8333333	1.0	6.398595	0
181	0	29.24	371.216	70.152	380.736	10-21-2012	0.0	0.04	0.0	0.0	0.0	0	10	0.8	0.0	0.0	0
182	0	78.2	371.216	119.112	380.736	10-21-2012	0.0	0.09	0.0	0.0	0.0	0	10	0.8	0.0	0.0	0
183	0	128.24	371.216	161.136	380.736	08:00AM	0.0	0.23	0.0	0.0	0.0	73	7	0.5714286	0.0	0.0	0
184	0	168.248	371.216	201.144	380.736	09:00AM	0.0	0.34	0.0	0.0	0.0	73	7	0.5714286	0.0	0.0	0
185	0	238.52	371.216	279.408	380.736	WEEKEND	0.0	0.35	0.0	0.0	0.0	320	7	0.0	0.0	0.0	0
186	0	281.632	371.216	300.296	380.736	NWS	0.0	0.35	0.0	0.0	0.0	437	3	0.0	0.0	0.0	0
187	0	306.968	371.216	325.632	380.736	GMA	0.0	0.35	0.0	0.0	0.0	227	3	0.0	0.0	0.0	0
188	0	341.192	371.216	364.312	380.736	(7099)	0.0	0.12	0.0	0.0	0.0	0	6	0.6666667	0.0	0.0	0
189	0	641.224	371.216	661.24	380.736	1,300	0.0	0.08	0.0	0.0	0.75	0	5	0.8	1.0	7.1708884	0
190	0	730.12	371.216	761.256	380.736	1,300.00	0.0	0.07	0.0	0.0	0.75	0	8	0.75	1.0	7.1708884	0
191	0	29.24	395.776	70.152	405.296	10-21-2012	0.0	0.05	0.0	0.0	0.0	0	10	0.8	0.0	0.0	0
192	0	78.2	395.776	119.112	405.296	10-21-2012	0.0	0.09	0.0	0.0	0.0	0	10	0.8	0.0	0.0	0
193	0	128.24	395.776	161.136	405.296	09:00AM	0.0	0.23	0.0	0.0	0.0	73	7	0.5714286	0.0	0.0	0
194	0	168.248	395.776	201.144	405.296	10:00AM	0.0	0.32	0.0	0.0	0.0	73	7	0.5714286	0.0	0.0	0
195	0	238.52	395.776	279.408	405.296	WEEKEND	0.0	0.32	0.0	0.0	0.0	320	7	0.0	0.0	0.0	0
196	0	281.632	395.776	300.296	405.296	NWS	0.0	0.32	0.0	0.0	0.0	437	3	0.0	0.0	0.0	0
197	0	304.744	395.776	335.424	405.296	9-1030A	0.0	0.32	0.0	0.0	0.0	16	7	0.71428573	0.0	0.0	0
198	0	353.208	395.776	376.328	405.296	(7057)	0.0	0.15	0.0	0.0	0.0	0	6	0.6666667	0.0	0.0	0
199	0	647.984	395.776	661.328	405.296	900	0.0	0.0	0.0	0.0	0.67	0	3	1.0	1.0	6.8035054	0
200	0	736.88	395.776	761.344	405.296	900.00	0.0	0.0	0.0	0.0	0.67	0	6	0.8333333	1.0	6.8035054	0
201	0	29.24	420.336	70.152	429.856	10-21-2012	0.0	0.04	0.0	0.0	0.0	0	10	0.8	0.0	0.0	0
202	0	78.2	420.336	119.112	429.856	10-21-2012	0.0	0.09	0.0	0.0	0.0	0	10	0.8	0.0	0.0	0
203	0	128.24	420.336	161.136	429.856	10:00AM	0.0	0.23	0.0	0.0	0.0	73	7	0.5714286	0.0	0.0	0
204	0	168.248	420.336	201.144	429.856	10:30AM	0.0	0.32	0.0	0.0	0.0	73	7	0.5714286	0.0	0.0	0
205	0	238.52	420.336	279.408	429.856	WEEKEND	0.0	0.32	0.0	0.0	0.0	320	7	0.0	0.0	0.0	0
206	0	281.632	420.336	300.296	429.856	NWS	0.0	0.32	0.0	0.0	0.0	437	3	0.0	0.0	0.0	0
207	0	304.744	420.336	345.208	429.856	1130A-12P	0.0	0.3	0.0	0.0	0.0	154	9	0.6666667	0.0	0.0	0
208	0	367.44	420.336	394.112	429.856	INSIDE	0.0	0.31	0.0	0.0	0.0	373	6	0.0	0.0	0.0	0
209	0	396.336	420.336	423.896	429.856	STORY	0.0	0.31	0.0	0.0	0.0	1910	5	0.0	0.0	0.0	0
210	0	647.984	420.336	661.328	429.856	400	0.0	0.0	0.0	0.0	0.67	0	3	1.0	1.0	5.9939613	0
211	0	736.88	420.336	761.344	429.856	400.00	0.0	0.0	0.0	0.0	0.67	0	6	0.8333333	1.0	5.9939613	0
212	0	29.24	444.936	70.152	454.456	10-21-2012	0.0	0.04	0.0	0.0	0.0	0	10	0.8	0.0	0.0	0
213	0	78.2	444.936	119.112	454.456	10-21-2012	0.0	0.05	0.0	0.0	0.0	0	10	0.8	0.0	0.0	0
214	0	128.24	444.936	160.696	454.456	12:00PM	0.0	0.23	0.0	0.0	0.0	55	7	0.5714286	0.0	0.0	0
215	0	167.808	444.936	200.264	454.456	01:00PM	0.0	0.32	0.0	0.0	0.0	55	7	0.5714286	0.0	0.0	0
216	0	238.52	444.936	279.408	454.456	WEEKEND	0.0	0.32	0.0	0.0	0.0	320	7	0.0	0.0	0.0	0
217	0	281.632	444.936	300.296	454.456	NWS	0.0	0.32	0.0	0.0	0.0	437	3	0.0	0.0	0.0	0
218	0	304.744	444.936	326.088	454.456	12-1P	0.0	0.28	0.0	0.0	0.0	27	5	0.6	0.0	0.0	0
219	0	343.872	444.936	366.992	454.456	(7060)	0.0	0.11	0.0	0.0	0.0	0	6	0.6666667	0.0	0.0	0
220	0	647.984	444.936	661.328	454.456	400	0.0	0.0	0.0	0.0	0.67	0	3	1.0	1.0	5.9939613	0
221	0	736.88	444.936	761.344	454.456	800.00	0.0	0.0	0.0	0.0	0.67	0	6	0.8333333	1.0	6.685861	0
222	0	29.24	469.496	70.152	479.016	10-16-2012	0.0	0.04	0.0	0.0	0.0	0	10	0.8	0.0	0.0	0
223	0	78.2	469.496	119.112	479.016	10-19-2012	0.0	0.05	0.0	0.0	0.0	0	10	0.8	0.0	0.0	0
224	0	128.24	469.496	161.136	479.016	11:00AM	0.0	0.09	0.0	0.0	0.0	73	7	0.5714286	0.0	0.0	0
225	0	168.248	469.496	200.704	479.016	12:00PM	0.0	0.17	0.0	0.0	0.0	55	7	0.5714286	0.0	0.0	0
226	0	238.52	469.496	274.52	479.016	DAYTIME	0.0	0.2	0.0	0.0	0.0	526	7	0.0	0.0	0.0	0
227	0	278.968	469.496	310.536	479.016	11A-12P	0.0	0.2	0.0	0.0	0.0	154	7	0.5714286	0.0	0.0	0
228	0	314.984	469.496	341.2	479.016	MO-FR	0.0	0.23	0.0	0.0	0.0	1091	5	0.0	0.0	0.0	0
229	0	343.424	469.496	366.544	479.016	(6914)	0.0	0.19	0.0	0.0	0.0	0	6	0.6666667	0.0	0.0	0
230	0	641.224	469.496	661.24	479.016	1,200	0.0	0.08	0.0	0.0	0.75	0	5	0.8	1.0	7.09091	0
231	0	730.12	469.496	761.256	479.016	4,800.00	0.0	0.07	0.0	0.0	0.62	0	8	0.75	1.0	8.47658	0
232	0	29.24	494.056	70.152	503.576	10-22-2012	0.0	0.05	0.0	0.0	0.0	0	10	0.8	0.0	0.0	0
233	0	78.2	494.056	119.112	503.576	10-22-2012	0.0	0.05	0.0	0.0	0.0	0	10	0.8	0.0	0.0	0
234	0	128.24	494.056	161.136	503.576	11:00AM	0.0	0.09	0.0	0.0	0.0	73	7	0.5714286	0.0	0.0	0
235	0	168.248	494.056	200.704	503.576	12:00PM	0.0	0.17	0.0	0.0	0.0	55	7	0.5714286	0.0	0.0	0
236	0	238.52	494.056	274.52	503.576	DAYTIME	0.0	0.2	0.0	0.0	0.0	526	7	0.0	0.0	0.0	0
237	0	278.968	494.056	310.536	503.576	11A-12P	0.0	0.2	0.0	0.0	0.0	154	7	0.5714286	0.0	0.0	0
238	0	314.984	494.056	341.2	503.576	MO-FR	0.0	0.23	0.0	0.0	0.0	1091	5	0.0	0.0	0.0	0
239	0	343.424	494.056	366.544	503.576	(6914)	0.0	0.19	0.0	0.0	0.0	0	6	0.6666667	0.0	0.0	0
240	0	641.224	494.056	661.24	503.576	1,200	0.0	0.08	0.0	0.0	0.75	0	5	0.8	1.0	7.09091	0
241	0	730.12	494.056	761.256	503.576	1,200.00	0.0	0.19	0.0	0.0	0.75	0	8	0.75	1.0	7.09091	0
242	0	4.52	548.888	19.632	558.136	This	0.0	0.24	0.0	0.0	0.0	82	4	0.0	0.0	0.0	0
243	0	21.856	548.888	60.096	558.136	agreement	0.0	0.27	0.0	0.0	0.0	115	9	0.0	0.0	0.0	0
244	0	70.32	548.888	95.664	558.136	subject	0.0	0.26	0.0	0.0	0.0	400	7	0.0	0.0	0.0	0
245	0	106.784	548.888	117.904	558.136	the	0.0	0.24	0.0	0.0	0.0	44	3	0.0	0.0	0.0	0
246	0	120.128	548.888	140.128	558.136	terms	0.0	0.38	0.0	0.0	0.0	100	5	0.0	0.0	0.0	0
247	0	142.352	548.888	155.696	558.136	and	0.0	0.38	0.0	0.0	0.0	77	3	0.0	0.0	0.0	0
248	0	157.92	548.888	193.936	558.136	conditions	0.0	0.4	0.0	0.0	0.0	125	10	0.0	0.0	0.0	0
249	0	196.16	548.888	228.176	558.136	indicated	0.0	0.4	0.0	0.0	0.0	745	9	0.0	0.0	0.0	0
250	0	230.4	548.888	254.416	558.136	above.	0.0	0.38	0.0	0.0	0.0	135	6	0.0	0.0	0.0	0
251	0	5.64	564.648	30.088	573.896	Margin	0.0	0.44	0.0	0.0	0.0	858	6	0.0	0.0	0.0	0
252	0	32.312	564.648	69.216	573.896	Indicators:	0.0	0.44	0.0	0.0	0.0	859	11	0.0	0.0	0.0	0
253	0	71.44	564.648	104.576	573.896	A=Added	0.0	0.44	0.0	0.0	0.0	860	7	0.0	0.0	0.0	0
254	0	106.8	564.648	124.144	573.896	Line,	0.0	0.44	0.0	0.0	0.0	89	5	0.0	0.0	0.0	0
255	0	126.368	564.648	165.712	573.896	R=Revised	0.0	0.41	0.0	0.0	0.0	861	9	0.0	0.0	0.0	0
256	0	167.936	564.648	185.28	573.896	Line,	0.0	0.45	0.0	0.0	0.0	89	5	0.0	0.0	0.0	0
257	0	187.504	564.648	225.52	573.896	D=Deleted	0.0	0.45	0.0	0.0	0.0	847	9	0.0	0.0	0.0	0
258	0	227.744	564.648	245.088	573.896	Line,	0.0	0.45	0.0	0.0	0.0	89	5	0.0	0.0	0.0	0
259	0	247.312	564.648	274.648	573.896	M=New	0.0	0.4	0.0	0.0	0.0	862	5	0.0	0.0	0.0	0
260	0	276.872	564.648	314.224	573.896	Makegood	0.0	0.33	0.0	0.0	0.0	588	8	0.0	0.0	0.0	0
261	0	316.448	564.648	344.008	573.896	Activity,	0.0	0.33	0.0	0.0	0.0	733	9	0.0	0.0	0.0	0
262	0	346.232	564.648	399.8	573.896	CM=Combined	0.0	0.3	0.0	0.0	0.0	863	11	0.0	0.0	0.0	0
263	0	402.024	564.648	439.376	573.896	Makegood	0.0	0.3	0.0	0.0	0.0	588	8	0.0	0.0	0.0	0
264	1	230.8	11.168	291.712	20.416	Acknowledgment	0.0	0.3	0.0	0.0	0.0	855	14	0.0	0.0	0.0	0
265	1	302.832	11.168	341.96	20.416	Agreement	0.0	0.3	0.0	0.0	0.0	115	9	0.0	0.0	0.0	0
266	1	344.184	11.168	375.312	20.416	Between	0.0	0.3	0.0	0.0	0.0	120	7	0.0	0.0	0.0	0
267	1	377.536	11.168	410.872	20.416	WPVI-TV	0.0	0.29	0.0	0.0	0.0	1063	7	0.0	0.0	0.0	0
268	1	413.096	11.168	470.448	20.416	PHILADELPHIA	0.0	0.29	0.0	0.0	0.0	217	12	0.0	0.0	0.0	0
269	1	472.672	11.168	486.016	20.416	and	0.0	0.26	0.0	0.0	0.0	77	3	0.0	0.0	0.0	0
270	1	598.12	9.776	666.432	19.296	DATE:10-15-2012	0.0	0.26	0.0	0.0	0.0	8	15	0.53333336	0.0	0.0	0
271	1	679.52	9.776	712.088	19.296	PAGE:2	0.0	0.22	0.0	0.0	0.0	7	6	0.16666667	0.0	0.0	0
272	1	130.52	23.518	163.856	32.766	WPVI-TV	0.0	0.16	0.0	0.0	0.0	1063	7	0.0	0.0	0.0	0
273	1	166.08	23.518	223.432	32.766	PHILADELPHIA	0.0	0.22	0.0	0.0	0.0	217	12	0.0	0.0	0.0	0
274	1	510.04	23.528	549.608	32.776	MESSAGE	0.0	0.29	0.0	0.0	0.0	1644	7	0.0	0.0	0.0	0
275	1	559.392	23.528	584.728	32.776	MEDIA	0.0	0.31	0.0	0.0	0.0	59	5	0.0	0.0	0.0	0
276	1	591.84	23.528	614.08	32.776	19123	0.0	0.25	0.0	0.0	0.59	0	5	1.0	1.0	9.8587	0
277	1	130.52	32.518	148.312	41.766	4100	0.0	0.22	0.0	0.0	0.75	0	4	1.0	1.0	8.318986	0
278	1	150.536	32.518	164.312	41.766	City	0.0	0.32	0.0	0.0	0.0	551	4	0.0	0.0	0.0	0
279	1	166.536	32.518	181.656	41.766	Line	0.0	0.35	0.0	0.0	0.0	89	4	0.0	0.0	0.0	0
280	1	183.88	32.518	199.888	41.766	Ave.	0.0	0.35	0.0	0.0	0.0	198	4	0.0	0.0	0.0	0
281	1	510.04	32.528	533.152	41.776	ATTN:	0.0	0.35	0.0	0.0	0.0	875	5	0.0	0.0	0.0	0
282	1	535.376	32.528	556.272	41.776	LEAH	0.0	0.35	0.0	0.0	0.0	2933	4	0.0	0.0	0.0	0
283	1	558.496	32.528	603.392	41.776	CASTERLIN	0.0	0.35	0.0	0.0	0.0	2965	9	0.0	0.0	0.0	0
284	1	130.52	41.518	187.872	50.766	PHILADELPHIA	0.0	0.24	0.0	0.0	0.0	217	12	0.0	0.0	0.0	0
285	1	202.992	41.518	225.232	50.766	19131	0.0	0.2	0.0	0.0	0.59	0	5	1.0	1.0	9.8591175	0
286	1	510.04	41.528	523.384	50.776	100	0.0	0.17	0.0	0.0	0.8	0	3	1.0	1.0	4.6151204	0
287	1	525.608	41.528	557.176	50.776	ALBANY	0.0	0.31	0.0	0.0	0.0	1915	6	0.0	0.0	0.0	0
288	1	559.4	41.528	590.96	50.776	STREET	0.0	0.36	0.0	0.0	0.0	162	6	0.0	0.0	0.0	0
289	1	510.04	50.488	528.704	59.736	NEW	0.0	0.36	0.0	0.0	0.0	46	3	0.0	0.0	0.0	0
290	1	530.928	50.488	579.816	59.736	BRUNSWICK	0.0	0.36	0.0	0.0	0.0	2571	9	0.0	0.0	0.0	0
291	1	594.04	50.488	616.28	59.736	08901	0.0	0.28	0.0	0.0	0.62	0	5	1.0	1.0	9.094031	0
292	1	11.0	83.158	41.232	92.406	Contract	0.0	0.31	0.0	0.0	0.0	53	8	0.0	0.0	0.0	0
293	1	60.76	83.158	90.992	92.406	Contract	0.0	0.32	0.0	0.0	0.0	53	8	0.0	0.0	0.0	0
294	1	112.12	83.158	142.792	92.406	Revision	0.0	0.31	0.0	0.0	0.0	75	8	0.0	0.0	0.0	0
295	1	161.64	83.158	180.312	92.406	Rev#	0.0	0.31	0.0	0.0	0.0	71	4	0.0	0.0	0.0	0
296	1	185.64	83.158	221.648	92.406	Advertiser	0.0	0.31	0.0	0.0	0.0	6	10	0.0	0.0	0.0	0
297	1	348.76	83.158	370.104	92.406	Brand	0.0	0.28	0.0	0.0	0.0	366	5	0.0	0.0	0.0	0
298	1	527.64	83.168	555.208	92.416	Product	0.0	0.28	0.0	0.0	0.0	5	7	0.0	0.0	0.0	0
299	1	557.432	83.168	576.552	92.416	Code	0.0	0.31	0.0	0.0	0.0	19	4	0.0	0.0	0.0	0
300	1	659.24	83.168	710.816	92.416	Station/Market	0.0	0.31	0.0	0.0	0.0	853	14	0.0	0.0	0.0	0
301	1	19.12	93.278	45.808	102.526	402237	0.0	0.27	0.0	0.0	0.44	0	6	1.0	1.0	12.904799	0
302	1	59.08	93.278	99.992	102.526	10-11-2012	0.0	0.32	0.0	0.0	0.0	0	10	0.8	0.0	0.0	0
303	1	110.24	93.278	151.152	102.526	10-12-2012	0.0	0.51	0.0	0.0	0.0	0	10	0.8	0.0	0.0	0
304	1	184.52	93.278	229.408	102.526	MENENDEZ	0.0	1.0	0.0	0.0	0.0	2597	8	0.0	0.0	0.0	advertiser
305	1	231.632	93.278	248.52	102.526	FOR	0.0	1.0	0.0	0.0	0.0	50	3	0.0	0.0	0.0	advertiser
306	1	250.744	93.278	284.976	102.526	SENATE,	0.0	1.0	0.0	0.0	0.0	249	7	0.0	0.0	0.0	advertiser
307	1	287.2	93.278	300.976	102.526	INC	0.0	1.0	0.0	0.0	0.0	166	3	0.0	0.0	0.0	advertiser
308	1	348.76	93.278	365.656	102.526	BOB	0.0	0.7	0.0	0.0	0.0	1147	3	0.0	0.0	0.0	0
309	1	367.88	93.278	412.768	102.526	MENENDEZ	0.0	0.85	0.0	0.0	0.0	2597	8	0.0	0.0	0.0	0
310	1	414.992	93.278	431.88	102.526	FOR	0.0	0.85	0.0	0.0	0.0	50	3	0.0	0.0	0.0	0
311	1	447.44	93.278	479.448	102.526	SENATE	0.0	0.85	0.0	0.0	0.0	249	6	0.0	0.0	0.0	0
312	1	527.64	93.278	573.88	102.526	POLITICALS	0.0	0.52	0.0	0.0	0.0	856	10	0.0	0.0	0.0	0
313	1	659.24	93.278	679.688	102.526	WPVI	0.0	0.39	0.0	0.0	0.0	901	4	0.0	0.0	0.0	0
314	1	686.8	93.278	744.152	102.526	PHILADELPHIA	0.0	0.26	0.0	0.0	0.0	217	12	0.0	0.0	0.0	0
315	1	35.44	113.518	62.12	122.766	Agency	0.0	0.35	0.0	0.0	0.0	2	6	0.0	0.0	0.0	0
316	1	64.344	113.518	80.352	122.766	Est#	0.0	0.35	0.0	0.0	0.0	395	4	0.0	0.0	0.0	0
317	1	142.88	113.928	160.656	123.176	CMS	0.0	0.35	0.0	0.0	0.0	890	3	0.0	0.0	0.0	0
318	1	184.48	113.518	204.488	122.766	Sales	0.0	0.21	0.0	0.0	0.0	10	5	0.0	0.0	0.0	0
319	1	206.712	113.518	227.608	122.766	Office	0.0	0.23	0.0	0.0	0.0	12	6	0.0	0.0	0.0	0
320	1	257.96	113.518	286.864	122.766	Account	0.0	0.26	0.0	0.0	0.0	15	7	0.0	0.0	0.0	0
321	1	289.088	113.518	323.768	122.766	Executive	0.0	0.31	0.0	0.0	0.0	24	9	0.0	0.0	0.0	0
322	1	361.68	113.518	378.576	122.766	Start	0.0	0.38	0.0	0.0	0.0	26	5	0.0	0.0	0.0	0
323	1	380.8	113.518	397.696	122.766	Date	0.0	0.46	0.0	0.0	0.0	8	4	0.0	0.0	0.0	0
324	1	415.52	113.518	429.752	122.766	End	0.0	0.46	0.0	0.0	0.0	28	3	0.0	0.0	0.0	0
325	1	431.976	113.518	448.872	122.766	Date	0.0	0.46	0.0	0.0	0.0	8	4	0.0	0.0	0.0	0
326	1	461.24	113.518	482.576	122.766	Billing	0.0	0.46	0.0	0.0	0.0	11	7	0.0	0.0	0.0	0
327	1	581.64	113.518	612.768	122.766	Package	0.0	0.43	0.0	0.0	0.0	390	7	0.0	0.0	0.0	0
328	1	619.88	113.528	650.112	122.776	Contract	0.0	0.3	0.0	0.0	0.0	53	8	0.0	0.0	0.0	0
329	1	652.336	113.528	667.448	122.776	Title	0.0	0.18	0.0	0.0	0.0	729	5	0.0	0.0	0.0	0
330	1	139.84	123.998	166.528	133.246	246223	0.0	0.2	0.0	0.0	0.33	0	6	1.0	1.0	12.413997	0
331	1	185.24	124.758	242.592	134.006	PHILADELPHIA	0.0	0.23	0.0	0.0	0.0	217	12	0.0	0.0	0.0	0
332	1	267.424	124.758	307.424	134.006	CLIFFORD	0.0	0.23	0.0	0.0	0.0	850	8	0.0	0.0	0.0	0
333	1	357.76	124.758	398.672	134.006	10-16-2012	0.0	0.19	0.0	0.0	0.0	0	10	0.8	0.0	0.0	0
334	1	408.92	124.758	449.832	134.006	10-22-2012	0.0	0.19	0.0	0.0	0.0	0	10	0.8	0.0	0.0	0
335	1	470.128	124.758	508.808	134.006	(Broadcast	0.0	0.25	0.0	0.0	0.0	41	10	0.0	0.0	0.0	0
336	1	511.032	124.758	535.488	134.006	Month,	0.0	0.3	0.0	0.0	0.0	52	6	0.0	0.0	0.0	0
337	1	537.712	124.758	557.712	134.006	Cycle	0.0	0.17	0.0	0.0	0.0	32	5	0.0	0.0	0.0	0
338	1	618.76	124.768	645.448	134.016	246223	0.0	0.3	0.0	0.0	0.33	0	6	1.0	1.0	12.413997	0
339	1	12.2	134.888	27.32	144.136	Line	0.0	0.35	0.0	0.0	0.0	89	4	0.0	0.0	0.0	0
340	1	32.64	134.888	49.536	144.136	Start	0.0	0.38	0.0	0.0	0.0	26	5	0.0	0.0	0.0	0
341	1	51.76	134.888	68.656	144.136	Date	0.0	0.44	0.0	0.0	0.0	8	4	0.0	0.0	0.0	0
342	1	79.12	134.888	93.352	144.136	End	0.0	0.44	0.0	0.0	0.0	28	3	0.0	0.0	0.0	0
343	1	95.576	134.888	112.472	144.136	Date	0.0	0.44	0.0	0.0	0.0	8	4	0.0	0.0	0.0	0
344	1	128.24	134.888	146.016	144.136	Time	0.0	0.44	0.0	0.0	0.0	22	4	0.0	0.0	0.0	0
345	1	148.24	134.888	171.36	144.136	Period	0.0	0.42	0.0	0.0	0.0	107	6	0.0	0.0	0.0	0
346	1	238.52	134.888	278.528	144.136	Description	0.0	0.42	0.0	0.0	0.0	62	11	0.0	0.0	0.0	0
347	1	445.52	134.888	489.432	145.286	RCDuration	0.0	0.42	0.0	0.0	0.0	857	10	0.0	0.0	0.0	0
348	1	595.12	136.038	613.344	145.286	SPW	0.0	0.22	0.0	0.0	0.0	468	3	0.0	0.0	0.0	0
349	1	642.36	136.038	660.584	145.286	Price	0.0	0.24	0.0	0.0	0.0	295	5	0.0	0.0	0.0	0
350	1	664.88	136.038	676.44	145.286	Tot	0.0	0.24	0.0	0.0	0.0	834	3	0.0	0.0	0.0	0
351	1	678.664	136.038	699.12	145.286	Spots	0.0	0.24	0.0	0.0	0.0	4	5	0.0	0.0	0.0	0
352	1	736.88	136.048	754.664	145.296	Total	0.0	0.21	0.0	0.0	0.0	106	5	0.0	0.0	0.0	0
353	1	29.24	146.496	70.152	156.016	10-16-2012	0.0	0.1	0.0	0.0	0.0	0	10	0.8	0.0	0.0	0
354	1	78.2	146.496	119.112	156.016	10-19-2012	0.0	0.05	0.0	0.0	0.0	0	10	0.8	0.0	0.0	0
355	1	128.24	146.496	160.696	156.016	12:00PM	0.0	0.09	0.0	0.0	0.0	55	7	0.5714286	0.0	0.0	0
356	1	167.808	146.496	200.264	156.016	12:30PM	0.0	0.23	0.0	0.0	0.0	55	7	0.5714286	0.0	0.0	0
357	1	238.52	146.496	274.52	156.016	DAYTIME	0.0	0.28	0.0	0.0	0.0	526	7	0.0	0.0	0.0	0
358	1	278.968	146.496	302.968	156.016	NOON	0.0	0.28	0.0	0.0	0.0	200	4	0.0	0.0	0.0	0
359	1	305.192	146.496	329.192	156.016	NEWS	0.0	0.28	0.0	0.0	0.0	17	4	0.0	0.0	0.0	0
360	1	333.64	146.496	374.528	156.016	WEEKDAY	0.0	0.29	0.0	0.0	0.0	1026	7	0.0	0.0	0.0	0
361	1	376.752	146.496	399.872	156.016	(6950)	0.0	0.24	0.0	0.0	0.0	0	6	0.6666667	0.0	0.0	0
362	1	641.224	146.496	661.24	156.016	1,400	0.0	0.08	0.0	0.0	0.75	0	5	0.8	1.0	7.2449417	0
363	1	730.12	146.496	761.256	156.016	5,600.00	0.0	0.07	0.0	0.0	0.62	0	8	0.75	1.0	8.6307	0
364	1	29.24	171.056	70.152	180.576	10-22-2012	0.0	0.05	0.0	0.0	0.0	0	10	0.8	0.0	0.0	0
365	1	78.2	171.056	119.112	180.576	10-22-2012	0.0	0.05	0.0	0.0	0.0	0	10	0.8	0.0	0.0	0
366	1	128.24	171.056	160.696	180.576	12:00PM	0.0	0.09	0.0	0.0	0.0	55	7	0.5714286	0.0	0.0	0
367	1	167.808	171.056	200.264	180.576	12:30PM	0.0	0.23	0.0	0.0	0.0	55	7	0.5714286	0.0	0.0	0
368	1	238.52	171.056	274.52	180.576	DAYTIME	0.0	0.28	0.0	0.0	0.0	526	7	0.0	0.0	0.0	0
369	1	278.968	171.056	302.968	180.576	NOON	0.0	0.28	0.0	0.0	0.0	200	4	0.0	0.0	0.0	0
370	1	305.192	171.056	329.192	180.576	NEWS	0.0	0.28	0.0	0.0	0.0	17	4	0.0	0.0	0.0	0
371	1	333.64	171.056	374.528	180.576	WEEKDAY	0.0	0.29	0.0	0.0	0.0	1026	7	0.0	0.0	0.0	0
372	1	376.752	171.056	399.872	180.576	(6950)	0.0	0.24	0.0	0.0	0.0	0	6	0.6666667	0.0	0.0	0
373	1	641.224	171.056	661.24	180.576	1,400	0.0	0.08	0.0	0.0	0.75	0	5	0.8	1.0	7.2449417	0
374	1	730.12	171.056	761.256	180.576	1,400.00	0.0	0.07	0.0	0.0	0.75	0	8	0.75	1.0	7.2449417	0
375	1	29.24	195.656	70.152	205.176	10-16-2012	0.0	0.05	0.0	0.0	0.0	0	10	0.8	0.0	0.0	0
376	1	78.2	195.656	119.112	205.176	10-19-2012	0.0	0.05	0.0	0.0	0.0	0	10	0.8	0.0	0.0	0
377	1	128.24	195.656	160.696	205.176	04:00PM	0.0	0.15	0.0	0.0	0.0	55	7	0.5714286	0.0	0.0	0
378	1	167.808	195.656	200.264	205.176	05:00PM	0.0	0.27	0.0	0.0	0.0	55	7	0.5714286	0.0	0.0	0
379	1	238.52	195.656	265.632	205.176	EARLY	0.0	0.27	0.0	0.0	0.0	234	5	0.0	0.0	0.0	0
380	1	267.856	195.656	291.856	205.176	NEWS	0.0	0.27	0.0	0.0	0.0	17	4	0.0	0.0	0.0	0
381	1	310.536	195.656	336.752	205.176	MO-FR	0.0	0.27	0.0	0.0	0.0	1091	5	0.0	0.0	0.0	0
382	1	338.976	195.656	362.096	205.176	(7239)	0.0	0.21	0.0	0.0	0.0	0	6	0.6666667	0.0	0.0	0
383	1	647.984	195.656	661.328	205.176	800	0.0	0.06	0.0	0.0	0.67	0	3	1.0	1.0	6.685861	0
384	1	730.12	195.656	761.256	205.176	3,200.00	0.0	0.07	0.0	0.0	0.62	0	8	0.75	1.0	8.0712185	0
385	1	29.24	220.216	70.152	229.736	10-22-2012	0.0	0.05	0.0	0.0	0.0	0	10	0.8	0.0	0.0	0
386	1	78.2	220.216	119.112	229.736	10-22-2012	0.0	0.05	0.0	0.0	0.0	0	10	0.8	0.0	0.0	0
387	1	128.24	220.216	160.696	229.736	04:00PM	0.0	0.15	0.0	0.0	0.0	55	7	0.5714286	0.0	0.0	0
388	1	167.808	220.216	200.264	229.736	05:00PM	0.0	0.27	0.0	0.0	0.0	55	7	0.5714286	0.0	0.0	0
389	1	238.52	220.216	265.632	229.736	EARLY	0.0	0.27	0.0	0.0	0.0	234	5	0.0	0.0	0.0	0
390	1	267.856	220.216	291.856	229.736	NEWS	0.0	0.27	0.0	0.0	0.0	17	4	0.0	0.0	0.0	0
391	1	310.536	220.216	336.752	229.736	MO-FR	0.0	0.27	0.0	0.0	0.0	1091	5	0.0	0.0	0.0	0
392	1	338.976	220.216	362.096	229.736	(7239)	0.0	0.21	0.0	0.0	0.0	0	6	0.6666667	0.0	0.0	0
393	1	647.984	220.216	661.328	229.736	800	0.0	0.0	0.0	0.0	0.67	0	3	1.0	1.0	6.685861	0
394	1	736.88	220.216	761.344	229.736	800.00	0.0	0.0	0.0	0.0	0.67	0	6	0.8333333	1.0	6.685861	0
395	1	29.24	244.776	70.152	254.296	10-16-2012	0.0	0.04	0.0	0.0	0.0	0	10	0.8	0.0	0.0	0
396	1	78.2	244.776	119.112	254.296	10-19-2012	0.0	0.05	0.0	0.0	0.0	0	10	0.8	0.0	0.0	0
397	1	128.24	244.776	160.696	254.296	05:00PM	0.0	0.15	0.0	0.0	0.0	55	7	0.5714286	0.0	0.0	0
398	1	167.808	244.776	200.264	254.296	06:00PM	0.0	0.27	0.0	0.0	0.0	55	7	0.5714286	0.0	0.0	0
399	1	238.52	244.776	265.632	254.296	EARLY	0.0	0.27	0.0	0.0	0.0	234	5	0.0	0.0	0.0	0
400	1	267.856	244.776	291.856	254.296	NEWS	0.0	0.27	0.0	0.0	0.0	17	4	0.0	0.0	0.0	0
401	1	312.76	244.776	338.976	254.296	MO-FR	0.0	0.27	0.0	0.0	0.0	1091	5	0.0	0.0	0.0	0
402	1	341.2	244.776	364.32	254.296	(6988)	0.0	0.21	0.0	0.0	0.0	0	6	0.6666667	0.0	0.0	0
403	1	641.224	244.776	661.24	254.296	2,200	0.0	0.08	0.0	0.0	0.62	0	5	0.8	1.0	7.696667	0
404	1	726.4	244.776	761.984	254.296	11,000.00	0.0	0.07	0.0	0.0	0.82	0	9	0.7777778	1.0	9.305741	0
405	1	29.24	269.376	70.152	278.896	10-22-2012	0.0	0.05	0.0	0.0	0.0	0	10	0.8	0.0	0.0	0
406	1	78.2	269.376	119.112	278.896	10-22-2012	0.0	0.05	0.0	0.0	0.0	0	10	0.8	0.0	0.0	0
407	1	128.24	269.376	160.696	278.896	05:00PM	0.0	0.15	0.0	0.0	0.0	55	7	0.5714286	0.0	0.0	0
408	1	167.808	269.376	200.264	278.896	06:00PM	0.0	0.27	0.0	0.0	0.0	55	7	0.5714286	0.0	0.0	0
409	1	238.52	269.376	265.632	278.896	EARLY	0.0	0.27	0.0	0.0	0.0	234	5	0.0	0.0	0.0	0
410	1	267.856	269.376	291.856	278.896	NEWS	0.0	0.27	0.0	0.0	0.0	17	4	0.0	0.0	0.0	0
411	1	312.76	269.376	338.976	278.896	MO-FR	0.0	0.27	0.0	0.0	0.0	1091	5	0.0	0.0	0.0	0
412	1	341.2	269.376	364.32	278.896	(6988)	0.0	0.21	0.0	0.0	0.0	0	6	0.6666667	0.0	0.0	0
413	1	641.224	269.376	661.24	278.896	2,200	0.0	0.08	0.0	0.0	0.62	0	5	0.8	1.0	7.696667	0
414	1	730.12	269.376	761.256	278.896	2,200.00	0.0	0.07	0.0	0.0	0.62	0	8	0.75	1.0	7.696667	0
415	1	29.24	293.936	70.152	303.456	10-16-2012	0.0	0.05	0.0	0.0	0.0	0	10	0.8	0.0	0.0	0
416	1	78.2	293.936	119.112	303.456	10-19-2012	0.0	0.05	0.0	0.0	0.0	0	10	0.8	0.0	0.0	0
417	1	128.24	293.936	160.696	303.456	06:00PM	0.0	0.15	0.0	0.0	0.0	55	7	0.5714286	0.0	0.0	0
418	1	167.808	293.936	200.264	303.456	06:30PM	0.0	0.27	0.0	0.0	0.0	55	7	0.5714286	0.0	0.0	0
419	1	238.52	293.936	265.632	303.456	EARLY	0.0	0.27	0.0	0.0	0.0	234	5	0.0	0.0	0.0	0
420	1	267.856	293.936	291.856	303.456	NEWS	0.0	0.27	0.0	0.0	0.0	17	4	0.0	0.0	0.0	0
421	1	310.536	293.936	336.752	303.456	MO-FR	0.0	0.27	0.0	0.0	0.0	1091	5	0.0	0.0	0.0	0
422	1	338.976	293.936	362.096	303.456	(6989)	0.0	0.21	0.0	0.0	0.0	0	6	0.6666667	0.0	0.0	0
423	1	641.224	293.936	661.24	303.456	3,000	0.0	0.08	0.0	0.0	0.75	0	5	0.8	1.0	8.0067005	0
424	1	726.4	293.936	761.984	303.456	12,000.00	0.0	0.07	0.0	0.0	0.82	0	9	0.7777778	1.0	9.392745	0
425	1	29.24	318.536	70.152	328.056	10-22-2012	0.0	0.05	0.0	0.0	0.0	0	10	0.8	0.0	0.0	0
426	1	78.2	318.536	119.112	328.056	10-22-2012	0.0	0.05	0.0	0.0	0.0	0	10	0.8	0.0	0.0	0
427	1	128.24	318.536	160.696	328.056	06:00PM	0.0	0.15	0.0	0.0	0.0	55	7	0.5714286	0.0	0.0	0
428	1	167.808	318.536	200.264	328.056	06:30PM	0.0	0.27	0.0	0.0	0.0	55	7	0.5714286	0.0	0.0	0
429	1	238.52	318.536	265.632	328.056	EARLY	0.0	0.27	0.0	0.0	0.0	234	5	0.0	0.0	0.0	0
430	1	267.856	318.536	291.856	328.056	NEWS	0.0	0.27	0.0	0.0	0.0	17	4	0.0	0.0	0.0	0
431	1	310.536	318.536	336.752	328.056	MO-FR	0.0	0.27	0.0	0.0	0.0	1091	5	0.0	0.0	0.0	0
432	1	338.976	318.536	362.096	328.056	(6989)	0.0	0.21	0.0	0.0	0.0	0	6	0.6666667	0.0	0.0	0
433	1	641.224	318.536	661.24	328.056	3,000	0.0	0.08	0.0	0.0	0.75	0	5	0.8	1.0	8.0067005	0
434	1	730.12	318.536	761.256	328.056	3,000.00	0.0	0.07	0.0	0.0	0.75	0	8	0.75	1.0	8.0067005	0
435	1	29.24	343.096	70.152	352.616	10-20-2012	0.0	0.05	0.0	0.0	0.0	0	10	0.8	0.0	0.0	0
436	1	78.2	343.096	119.112	352.616	10-21-2012	0.0	0.05	0.0	0.0	0.0	0	10	0.8	0.0	0.0	0
437	1	128.24	343.096	160.696	352.616	06:00PM	0.0	0.23	0.0	0.0	0.0	55	7	0.5714286	0.0	0.0	0
438	1	167.808	343.096	200.264	352.616	07:30PM	0.0	0.36	0.0	0.0	0.0	55	7	0.5714286	0.0	0.0	0
439	1	238.52	343.096	279.408	352.616	WEEKEND	0.0	0.38	0.0	0.0	0.0	320	7	0.0	0.0	0.0	0
440	1	281.632	343.096	305.632	352.616	NEWS	0.0	0.38	0.0	0.0	0.0	17	4	0.0	0.0	0.0	0
441	1	312.304	343.096	337.192	352.616	SA-SU	0.0	0.38	0.0	0.0	0.0	275	5	0.0	0.0	0.0	0
442	1	339.416	343.096	365.208	352.616	6-730P	0.0	0.33	0.0	0.0	0.0	27	6	0.6666667	0.0	0.0	0
443	1	367.432	343.096	390.552	352.616	(6990)	0.0	0.19	0.0	0.0	0.0	0	6	0.6666667	0.0	0.0	0
444	1	647.984	343.096	661.328	352.616	800	0.0	0.0	0.0	0.0	0.67	0	3	1.0	1.0	6.685861	0
445	1	736.88	343.096	761.344	352.616	800.00	0.0	0.0	0.0	0.0	0.67	0	6	0.8333333	1.0	6.685861	0
446	1	29.24	367.656	70.152	377.176	10-20-2012	0.0	0.04	0.0	0.0	0.0	0	10	0.8	0.0	0.0	0
447	1	78.2	367.656	119.112	377.176	10-20-2012	0.0	0.05	0.0	0.0	0.0	0	10	0.8	0.0	0.0	0
448	1	128.24	367.656	160.696	377.176	07:30PM	0.0	0.19	0.0	0.0	0.0	55	7	0.5714286	0.0	0.0	0
449	1	167.808	367.656	200.264	377.176	08:00PM	0.0	0.28	0.0	0.0	0.0	55	7	0.5714286	0.0	0.0	0
450	1	238.52	367.656	271.416	377.176	EAGLES	0.0	0.33	0.0	0.0	0.0	2313	6	0.0	0.0	0.0	0
451	1	278.088	367.656	304.76	377.176	INSIDE	0.0	0.41	0.0	0.0	0.0	373	6	0.0	0.0	0.0	0
452	1	306.984	367.656	322.984	377.176	THE	0.0	0.41	0.0	0.0	0.0	44	3	0.0	0.0	0.0	0
453	1	325.208	367.656	358.992	377.176	SEASON	0.0	0.41	0.0	0.0	0.0	523	6	0.0	0.0	0.0	0
454	1	363.44	367.656	379.44	377.176	SAT	0.0	0.41	0.0	0.0	0.0	112	3	0.0	0.0	0.0	0
455	1	381.664	367.656	400.344	377.176	730P	0.0	0.32	0.0	0.0	0.0	27	4	0.75	0.0	0.0	0
456	1	402.568	367.656	435.896	377.176	(CONFID	0.0	0.29	0.0	0.0	0.0	5062	7	0.0	0.0	0.0	0
457	1	647.984	367.656	661.328	377.176	450	0.0	0.0	0.0	0.0	0.53	0	3	1.0	1.0	6.1114674	0
458	1	736.88	367.656	761.344	377.176	450.00	0.0	0.0	0.0	0.0	0.53	0	6	0.8333333	1.0	6.1114674	0
459	1	29.24	392.256	70.152	401.776	10-16-2012	0.0	0.04	0.0	0.0	0.0	0	10	0.8	0.0	0.0	0
460	1	78.2	392.256	119.112	401.776	10-19-2012	0.0	0.05	0.0	0.0	0.0	0	10	0.8	0.0	0.0	0
461	1	128.24	392.256	160.696	401.776	11:00PM	0.0	0.2	0.0	0.0	0.0	55	7	0.5714286	0.0	0.0	0
462	1	167.808	392.256	200.264	401.776	11:35PM	0.0	0.29	0.0	0.0	0.0	55	7	0.5714286	0.0	0.0	0
463	1	238.52	392.256	259.408	401.776	LATE	0.0	0.29	0.0	0.0	0.0	114	4	0.0	0.0	0.0	0
464	1	261.632	392.256	285.632	401.776	NEWS	0.0	0.29	0.0	0.0	0.0	17	4	0.0	0.0	0.0	0
465	1	294.528	392.256	321.192	401.776	MO-SU	0.0	0.29	0.0	0.0	0.0	1183	5	0.0	0.0	0.0	0
466	1	323.416	392.256	346.536	401.776	(6969)	0.0	0.25	0.0	0.0	0.0	0	6	0.6666667	0.0	0.0	0
467	1	641.224	392.256	661.24	401.776	3,200	0.0	0.08	0.0	0.0	0.62	0	5	0.8	1.0	8.0712185	0
468	1	726.4	392.256	761.984	401.776	12,800.00	0.0	0.07	0.0	0.0	0.71	0	9	0.7777778	1.0	9.457278	0
469	1	29.24	416.816	70.152	426.336	10-22-2012	0.0	0.05	0.0	0.0	0.0	0	10	0.8	0.0	0.0	0
470	1	78.2	416.816	119.112	426.336	10-22-2012	0.0	0.05	0.0	0.0	0.0	0	10	0.8	0.0	0.0	0
471	1	128.24	416.816	160.696	426.336	11:00PM	0.0	0.2	0.0	0.0	0.0	55	7	0.5714286	0.0	0.0	0
472	1	167.808	416.816	200.264	426.336	11:35PM	0.0	0.29	0.0	0.0	0.0	55	7	0.5714286	0.0	0.0	0
473	1	238.52	416.816	259.408	426.336	LATE	0.0	0.29	0.0	0.0	0.0	114	4	0.0	0.0	0.0	0
474	1	261.632	416.816	285.632	426.336	NEWS	0.0	0.29	0.0	0.0	0.0	17	4	0.0	0.0	0.0	0
475	1	294.528	416.816	321.192	426.336	MO-SU	0.0	0.29	0.0	0.0	0.0	1183	5	0.0	0.0	0.0	0
476	1	323.416	416.816	346.536	426.336	(6969)	0.0	0.25	0.0	0.0	0.0	0	6	0.6666667	0.0	0.0	0
477	1	641.224	416.816	661.24	426.336	3,200	0.0	0.08	0.0	0.0	0.62	0	5	0.8	1.0	8.0712185	0
478	1	730.12	416.816	761.256	426.336	3,200.00	0.0	0.07	0.0	0.0	0.62	0	8	0.75	1.0	8.0712185	0
479	1	29.24	441.376	70.152	450.896	10-21-2012	0.0	0.06	0.0	0.0	0.0	0	10	0.8	0.0	0.0	0
480	1	78.2	441.376	119.112	450.896	10-21-2012	0.0	0.09	0.0	0.0	0.0	0	10	0.8	0.0	0.0	0
481	1	128.24	441.376	160.696	450.896	11:30PM	0.0	0.2	0.0	0.0	0.0	55	7	0.5714286	0.0	0.0	0
482	1	167.808	441.376	200.704	450.896	12:00AM	0.0	0.28	0.0	0.0	0.0	73	7	0.5714286	0.0	0.0	0
483	1	238.52	441.376	259.408	450.896	LATE	0.0	0.31	0.0	0.0	0.0	114	4	0.0	0.0	0.0	0
484	1	261.632	441.376	285.632	450.896	NEWS	0.0	0.38	0.0	0.0	0.0	17	4	0.0	0.0	0.0	0
485	1	292.304	441.376	322.968	450.896	ACTION	0.0	0.38	0.0	0.0	0.0	262	6	0.0	0.0	0.0	0
486	1	325.192	441.376	349.192	450.896	NEWS	0.0	0.38	0.0	0.0	0.0	17	4	0.0	0.0	0.0	0
487	1	364.304	441.376	387.432	450.896	1130P	0.0	0.31	0.0	0.0	0.0	27	5	0.8	0.0	0.0	0
488	1	389.656	441.376	414.544	450.896	SA-SU	0.0	0.27	0.0	0.0	0.0	275	5	0.0	0.0	0.0	0
489	1	416.768	441.376	432.776	450.896	(699	0.0	0.13	0.0	0.0	0.0	0	4	0.75	0.0	0.0	0
490	1	647.984	441.376	661.328	450.896	500	0.0	0.0	0.0	0.0	0.67	0	3	1.0	1.0	6.216606	0
491	1	736.88	441.376	761.344	450.896	500.00	0.0	0.0	0.0	0.0	0.67	0	6	0.8333333	1.0	6.216606	0
492	1	29.24	465.976	70.152	475.496	10-16-2012	0.0	0.04	0.0	0.0	0.0	0	10	0.8	0.0	0.0	0
493	1	78.2	465.976	119.112	475.496	10-19-2012	0.0	0.05	0.0	0.0	0.0	0	10	0.8	0.0	0.0	0
494	1	128.24	465.976	160.696	475.496	07:00PM	0.0	0.14	0.0	0.0	0.0	55	7	0.5714286	0.0	0.0	0
495	1	167.808	465.976	200.264	475.496	08:00PM	0.0	0.24	0.0	0.0	0.0	55	7	0.5714286	0.0	0.0	0
496	1	238.52	465.976	271.856	475.496	ACCESS	0.0	0.24	0.0	0.0	0.0	304	6	0.0	0.0	0.0	0
497	1	276.304	465.976	317.192	475.496	WEEKDAY	0.0	0.29	0.0	0.0	0.0	1026	7	0.0	0.0	0.0	0
498	1	319.416	465.976	342.536	475.496	(6991)	0.0	0.24	0.0	0.0	0.0	0	6	0.6666667	0.0	0.0	0
499	1	641.224	465.976	661.24	475.496	3,000	0.0	0.08	0.0	0.0	0.75	0	5	0.8	1.0	8.0067005	0
500	1	730.12	465.976	761.256	475.496	9,000.00	0.0	0.07	0.0	0.0	0.75	0	8	0.75	1.0	9.105091	0
501	1	29.24	490.536	70.152	500.056	10-16-2012	0.0	0.05	0.0	0.0	0.0	0	10	0.8	0.0	0.0	0
502	1	78.2	490.536	119.112	500.056	10-18-2012	0.0	0.09	0.0	0.0	0.0	0	10	0.8	0.0	0.0	0
503	1	128.24	490.536	161.136	500.056	04:30AM	0.0	0.28	0.0	0.0	0.0	73	7	0.5714286	0.0	0.0	0
504	1	168.248	490.536	201.144	500.056	04:59AM	0.0	0.34	0.0	0.0	0.0	73	7	0.5714286	0.0	0.0	0
505	1	238.52	490.536	277.184	500.056	MORNING	0.0	0.43	0.0	0.0	0.0	152	7	0.0	0.0	0.0	0
506	1	279.408	490.536	303.408	500.056	NEWS	0.0	0.26	0.0	0.0	0.0	17	4	0.0	0.0	0.0	0
507	1	310.08	490.536	342.976	500.056	430-5AM	0.0	0.26	0.0	0.0	0.0	73	7	0.5714286	0.0	0.0	0
508	1	347.424	490.536	373.64	500.056	MO-TH	0.0	0.23	0.0	0.0	0.0	2334	5	0.0	0.0	0.0	0
509	1	375.864	490.536	398.984	500.056	(7585)	0.0	0.19	0.0	0.0	0.0	0	6	0.6666667	0.0	0.0	0
510	1	647.984	490.536	661.328	500.056	250	0.0	0.06	0.0	0.0	0.53	0	3	1.0	1.0	5.525453	0
511	1	736.88	490.536	761.344	500.056	250.00	0.0	0.2	0.0	0.0	0.53	0	6	0.8333333	1.0	5.525453	0
512	1	4.52	548.888	19.632	558.136	This	0.0	0.24	0.0	0.0	0.0	82	4	0.0	0.0	0.0	0
513	1	21.856	548.888	60.096	558.136	agreement	0.0	0.27	0.0	0.0	0.0	115	9	0.0	0.0	0.0	0
514	1	70.32	548.888	95.664	558.136	subject	0.0	0.26	0.0	0.0	0.0	400	7	0.0	0.0	0.0	0
515	1	106.784	548.888	117.904	558.136	the	0.0	0.24	0.0	0.0	0.0	44	3	0.0	0.0	0.0	0
516	1	120.128	548.888	140.128	558.136	terms	0.0	0.38	0.0	0.0	0.0	100	5	0.0	0.0	0.0	0
517	1	142.352	548.888	155.696	558.136	and	0.0	0.38	0.0	0.0	0.0	77	3	0.0	0.0	0.0	0
518	1	157.92	548.888	193.936	558.136	conditions	0.0	0.4	0.0	0.0	0.0	125	10	0.0	0.0	0.0	0
519	1	196.16	548.888	228.176	558.136	indicated	0.0	0.4	0.0	0.0	0.0	745	9	0.0	0.0	0.0	0
520	1	230.4	548.888	254.416	558.136	above.	0.0	0.38	0.0	0.0	0.0	135	6	0.0	0.0	0.0	0
521	1	5.64	564.648	30.088	573.896	Margin	0.0	0.44	0.0	0.0	0.0	858	6	0.0	0.0	0.0	0
522	1	32.312	564.648	69.216	573.896	Indicators:	0.0	0.44	0.0	0.0	0.0	859	11	0.0	0.0	0.0	0
523	1	71.44	564.648	104.576	573.896	A=Added	0.0	0.44	0.0	0.0	0.0	860	7	0.0	0.0	0.0	0
524	1	106.8	564.648	124.144	573.896	Line,	0.0	0.44	0.0	0.0	0.0	89	5	0.0	0.0	0.0	0
525	1	126.368	564.648	165.712	573.896	R=Revised	0.0	0.41	0.0	0.0	0.0	861	9	0.0	0.0	0.0	0
526	1	167.936	564.648	185.28	573.896	Line,	0.0	0.45	0.0	0.0	0.0	89	5	0.0	0.0	0.0	0
527	1	187.504	564.648	225.52	573.896	D=Deleted	0.0	0.45	0.0	0.0	0.0	847	9	0.0	0.0	0.0	0
528	1	227.744	564.648	245.088	573.896	Line,	0.0	0.45	0.0	0.0	0.0	89	5	0.0	0.0	0.0	0
529	1	247.312	564.648	274.648	573.896	M=New	0.0	0.4	0.0	0.0	0.0	862	5	0.0	0.0	0.0	0
530	1	276.872	564.648	314.224	573.896	Makegood	0.0	0.33	0.0	0.0	0.0	588	8	0.0	0.0	0.0	0
531	1	316.448	564.648	344.008	573.896	Activity,	0.0	0.33	0.0	0.0	0.0	733	9	0.0	0.0	0.0	0
532	1	346.232	564.648	399.8	573.896	CM=Combined	0.0	0.3	0.0	0.0	0.0	863	11	0.0	0.0	0.0	0
533	1	402.024	564.648	439.376	573.896	Makegood	0.0	0.3	0.0	0.0	0.0	588	8	0.0	0.0	0.0	0
534	2	230.8	11.168	291.712	20.416	Acknowledgment	0.0	0.3	0.0	0.0	0.0	855	14	0.0	0.0	0.0	0
535	2	302.832	11.168	341.96	20.416	Agreement	0.0	0.3	0.0	0.0	0.0	115	9	0.0	0.0	0.0	0
536	2	344.184	11.168	375.312	20.416	Between	0.0	0.3	0.0	0.0	0.0	120	7	0.0	0.0	0.0	0
537	2	377.536	11.168	410.872	20.416	WPVI-TV	0.0	0.29	0.0	0.0	0.0	1063	7	0.0	0.0	0.0	0
538	2	413.096	11.168	470.448	20.416	PHILADELPHIA	0.0	0.29	0.0	0.0	0.0	217	12	0.0	0.0	0.0	0
539	2	472.672	11.168	486.016	20.416	and	0.0	0.26	0.0	0.0	0.0	77	3	0.0	0.0	0.0	0
540	2	598.12	9.776	666.432	19.296	DATE:10-15-2012	0.0	0.26	0.0	0.0	0.0	8	15	0.53333336	0.0	0.0	0
541	2	679.52	9.776	712.088	19.296	PAGE:3	0.0	0.22	0.0	0.0	0.0	7	6	0.16666667	0.0	0.0	0
542	2	130.52	23.518	163.856	32.766	WPVI-TV	0.0	0.16	0.0	0.0	0.0	1063	7	0.0	0.0	0.0	0
543	2	166.08	23.518	223.432	32.766	PHILADELPHIA	0.0	0.22	0.0	0.0	0.0	217	12	0.0	0.0	0.0	0
544	2	510.04	23.528	549.608	32.776	MESSAGE	0.0	0.29	0.0	0.0	0.0	1644	7	0.0	0.0	0.0	0
545	2	559.392	23.528	584.728	32.776	MEDIA	0.0	0.31	0.0	0.0	0.0	59	5	0.0	0.0	0.0	0
546	2	591.84	23.528	614.08	32.776	19123	0.0	0.25	0.0	0.0	0.59	0	5	1.0	1.0	9.8587	0
547	2	130.52	32.518	148.312	41.766	4100	0.0	0.22	0.0	0.0	0.75	0	4	1.0	1.0	8.318986	0
548	2	150.536	32.518	164.312	41.766	City	0.0	0.32	0.0	0.0	0.0	551	4	0.0	0.0	0.0	0
549	2	166.536	32.518	181.656	41.766	Line	0.0	0.35	0.0	0.0	0.0	89	4	0.0	0.0	0.0	0
550	2	183.88	32.518	199.888	41.766	Ave.	0.0	0.35	0.0	0.0	0.0	198	4	0.0	0.0	0.0	0
551	2	510.04	32.528	533.152	41.776	ATTN:	0.0	0.35	0.0	0.0	0.0	875	5	0.0	0.0	0.0	0
552	2	535.376	32.528	556.272	41.776	LEAH	0.0	0.35	0.0	0.0	0.0	2933	4	0.0	0.0	0.0	0
553	2	558.496	32.528	603.392	41.776	CASTERLIN	0.0	0.35	0.0	0.0	0.0	2965	9	0.0	0.0	0.0	0
554	2	130.52	41.518	187.872	50.766	PHILADELPHIA	0.0	0.24	0.0	0.0	0.0	217	12	0.0	0.0	0.0	0
555	2	202.992	41.518	225.232	50.766	19131	0.0	0.2	0.0	0.0	0.59	0	5	1.0	1.0	9.8591175	0
556	2	510.04	41.528	523.384	50.776	100	0.0	0.17	0.0	0.0	0.8	0	3	1.0	1.0	4.6151204	0
557	2	525.608	41.528	557.176	50.776	ALBANY	0.0	0.31	0.0	0.0	0.0	1915	6	0.0	0.0	0.0	0
558	2	559.4	41.528	590.96	50.776	STREET	0.0	0.36	0.0	0.0	0.0	162	6	0.0	0.0	0.0	0
559	2	510.04	50.488	528.704	59.736	NEW	0.0	0.36	0.0	0.0	0.0	46	3	0.0	0.0	0.0	0
560	2	530.928	50.488	579.816	59.736	BRUNSWICK	0.0	0.36	0.0	0.0	0.0	2571	9	0.0	0.0	0.0	0
561	2	594.04	50.488	616.28	59.736	08901	0.0	0.28	0.0	0.0	0.62	0	5	1.0	1.0	9.094031	0
562	2	11.0	83.158	41.232	92.406	Contract	0.0	0.31	0.0	0.0	0.0	53	8	0.0	0.0	0.0	0
563	2	60.76	83.158	90.992	92.406	Contract	0.0	0.32	0.0	0.0	0.0	53	8	0.0	0.0	0.0	0
564	2	112.12	83.158	142.792	92.406	Revision	0.0	0.31	0.0	0.0	0.0	75	8	0.0	0.0	0.0	0
565	2	161.64	83.158	180.312	92.406	Rev#	0.0	0.31	0.0	0.0	0.0	71	4	0.0	0.0	0.0	0
566	2	185.64	83.158	221.648	92.406	Advertiser	0.0	0.31	0.0	0.0	0.0	6	10	0.0	0.0	0.0	0
567	2	348.76	83.158	370.104	92.406	Brand	0.0	0.28	0.0	0.0	0.0	366	5	0.0	0.0	0.0	0
568	2	527.64	83.168	555.208	92.416	Product	0.0	0.28	0.0	0.0	0.0	5	7	0.0	0.0	0.0	0
569	2	557.432	83.168	576.552	92.416	Code	0.0	0.31	0.0	0.0	0.0	19	4	0.0	0.0	0.0	0
570	2	659.24	83.168	710.816	92.416	Station/Market	0.0	0.31	0.0	0.0	0.0	853	14	0.0	0.0	0.0	0
571	2	19.12	93.278	45.808	102.526	402237	0.0	0.27	0.0	0.0	0.44	0	6	1.0	1.0	12.904799	0
572	2	59.08	93.278	99.992	102.526	10-11-2012	0.0	0.32	0.0	0.0	0.0	0	10	0.8	0.0	0.0	0
573	2	110.24	93.278	151.152	102.526	10-12-2012	0.0	0.51	0.0	0.0	0.0	0	10	0.8	0.0	0.0	0
574	2	184.52	93.278	229.408	102.526	MENENDEZ	0.0	1.0	0.0	0.0	0.0	2597	8	0.0	0.0	0.0	advertiser
575	2	231.632	93.278	248.52	102.526	FOR	0.0	1.0	0.0	0.0	0.0	50	3	0.0	0.0	0.0	advertiser
576	2	250.744	93.278	284.976	102.526	SENATE,	0.0	1.0	0.0	0.0	0.0	249	7	0.0	0.0	0.0	advertiser
577	2	287.2	93.278	300.976	102.526	INC	0.0	1.0	0.0	0.0	0.0	166	3	0.0	0.0	0.0	advertiser
578	2	348.76	93.278	365.656	102.526	BOB	0.0	0.7	0.0	0.0	0.0	1147	3	0.0	0.0	0.0	0
579	2	367.88	93.278	412.768	102.526	MENENDEZ	0.0	0.85	0.0	0.0	0.0	2597	8	0.0	0.0	0.0	0
580	2	414.992	93.278	431.88	102.526	FOR	0.0	0.85	0.0	0.0	0.0	50	3	0.0	0.0	0.0	0
581	2	447.44	93.278	479.448	102.526	SENATE	0.0	0.85	0.0	0.0	0.0	249	6	0.0	0.0	0.0	0
582	2	527.64	93.278	573.88	102.526	POLITICALS	0.0	0.52	0.0	0.0	0.0	856	10	0.0	0.0	0.0	0
583	2	659.24	93.278	679.688	102.526	WPVI	0.0	0.39	0.0	0.0	0.0	901	4	0.0	0.0	0.0	0
584	2	686.8	93.278	744.152	102.526	PHILADELPHIA	0.0	0.26	0.0	0.0	0.0	217	12	0.0	0.0	0.0	0
585	2	35.44	113.518	62.12	122.766	Agency	0.0	0.35	0.0	0.0	0.0	2	6	0.0	0.0	0.0	0
586	2	64.344	113.518	80.352	122.766	Est#	0.0	0.35	0.0	0.0	0.0	395	4	0.0	0.0	0.0	0
587	2	142.88	113.928	160.656	123.176	CMS	0.0	0.35	0.0	0.0	0.0	890	3	0.0	0.0	0.0	0
588	2	184.48	113.518	204.488	122.766	Sales	0.0	0.21	0.0	0.0	0.0	10	5	0.0	0.0	0.0	0
589	2	206.712	113.518	227.608	122.766	Office	0.0	0.23	0.0	0.0	0.0	12	6	0.0	0.0	0.0	0
590	2	257.96	113.518	286.864	122.766	Account	0.0	0.26	0.0	0.0	0.0	15	7	0.0	0.0	0.0	0
591	2	289.088	113.518	323.768	122.766	Executive	0.0	0.31	0.0	0.0	0.0	24	9	0.0	0.0	0.0	0
592	2	361.68	113.518	378.576	122.766	Start	0.0	0.38	0.0	0.0	0.0	26	5	0.0	0.0	0.0	0
593	2	380.8	113.518	397.696	122.766	Date	0.0	0.46	0.0	0.0	0.0	8	4	0.0	0.0	0.0	0
594	2	415.52	113.518	429.752	122.766	End	0.0	0.46	0.0	0.0	0.0	28	3	0.0	0.0	0.0	0
595	2	431.976	113.518	448.872	122.766	Date	0.0	0.46	0.0	0.0	0.0	8	4	0.0	0.0	0.0	0
596	2	461.24	113.518	482.576	122.766	Billing	0.0	0.46	0.0	0.0	0.0	11	7	0.0	0.0	0.0	0
597	2	581.64	113.518	612.768	122.766	Package	0.0	0.43	0.0	0.0	0.0	390	7	0.0	0.0	0.0	0
598	2	619.88	113.528	650.112	122.776	Contract	0.0	0.3	0.0	0.0	0.0	53	8	0.0	0.0	0.0	0
599	2	652.336	113.528	667.448	122.776	Title	0.0	0.18	0.0	0.0	0.0	729	5	0.0	0.0	0.0	0
600	2	139.84	123.998	166.528	133.246	246223	0.0	0.2	0.0	0.0	0.33	0	6	1.0	1.0	12.413997	0
601	2	185.24	124.758	242.592	134.006	PHILADELPHIA	0.0	0.23	0.0	0.0	0.0	217	12	0.0	0.0	0.0	0
602	2	267.424	124.758	307.424	134.006	CLIFFORD	0.0	0.23	0.0	0.0	0.0	850	8	0.0	0.0	0.0	0
603	2	357.76	124.758	398.672	134.006	10-16-2012	0.0	0.19	0.0	0.0	0.0	0	10	0.8	0.0	0.0	0
604	2	408.92	124.758	449.832	134.006	10-22-2012	0.0	0.19	0.0	0.0	0.0	0	10	0.8	0.0	0.0	0
605	2	470.128	124.758	508.808	134.006	(Broadcast	0.0	0.25	0.0	0.0	0.0	41	10	0.0	0.0	0.0	0
606	2	511.032	124.758	535.488	134.006	Month,	0.0	0.3	0.0	0.0	0.0	52	6	0.0	0.0	0.0	0
607	2	537.712	124.758	557.712	134.006	Cycle	0.0	0.17	0.0	0.0	0.0	32	5	0.0	0.0	0.0	0
608	2	618.76	124.768	645.448	134.016	246223	0.0	0.3	0.0	0.0	0.33	0	6	1.0	1.0	12.413997	0
609	2	12.2	134.888	27.32	144.136	Line	0.0	0.35	0.0	0.0	0.0	89	4	0.0	0.0	0.0	0
610	2	32.64	134.888	49.536	144.136	Start	0.0	0.38	0.0	0.0	0.0	26	5	0.0	0.0	0.0	0
611	2	51.76	134.888	68.656	144.136	Date	0.0	0.44	0.0	0.0	0.0	8	4	0.0	0.0	0.0	0
612	2	79.12	134.888	93.352	144.136	End	0.0	0.44	0.0	0.0	0.0	28	3	0.0	0.0	0.0	0
613	2	95.576	134.888	112.472	144.136	Date	0.0	0.44	0.0	0.0	0.0	8	4	0.0	0.0	0.0	0
614	2	128.24	134.888	146.016	144.136	Time	0.0	0.44	0.0	0.0	0.0	22	4	0.0	0.0	0.0	0
615	2	148.24	134.888	171.36	144.136	Period	0.0	0.42	0.0	0.0	0.0	107	6	0.0	0.0	0.0	0
616	2	238.52	134.888	278.528	144.136	Description	0.0	0.42	0.0	0.0	0.0	62	11	0.0	0.0	0.0	0
617	2	445.52	134.888	489.432	145.286	RCDuration	0.0	0.42	0.0	0.0	0.0	857	10	0.0	0.0	0.0	0
618	2	595.12	136.038	613.344	145.286	SPW	0.0	0.22	0.0	0.0	0.0	468	3	0.0	0.0	0.0	0
619	2	642.36	136.038	660.584	145.286	Price	0.0	0.24	0.0	0.0	0.0	295	5	0.0	0.0	0.0	0
620	2	664.88	136.038	676.44	145.286	Tot	0.0	0.24	0.0	0.0	0.0	834	3	0.0	0.0	0.0	0
621	2	678.664	136.038	699.12	145.286	Spots	0.0	0.24	0.0	0.0	0.0	4	5	0.0	0.0	0.0	0
622	2	736.88	136.048	754.664	145.296	Total	0.0	0.27	0.0	0.0	0.0	106	5	0.0	0.0	0.0	0
623	2	581.824	178.288	620.952	187.536	Contracted	0.0	0.32	0.0	0.0	0.0	727	10	0.0	0.0	0.0	0
624	2	623.176	178.288	644.512	187.536	Gross	0.0	0.28	0.0	0.0	0.0	20	5	0.0	0.0	0.0	0
625	2	646.736	178.288	666.744	187.536	Total:	0.0	0.24	0.0	0.0	0.0	106	6	0.0	0.0	0.0	0
626	2	724.104	178.648	764.136	187.896	100,100.00	0.0	0.18	0.0	0.0	1.0	0	10	0.8	1.0	11.513935	gross_amount
627	2	598.304	200.128	620.536	209.376	Actual	0.0	0.16	0.0	0.0	0.0	355	6	0.0	0.0	0.0	0
628	2	622.76	200.128	644.096	209.376	Gross	0.0	0.19	0.0	0.0	0.0	20	5	0.0	0.0	0.0	0
629	2	646.32	200.128	666.328	209.376	Total:	0.0	0.19	0.0	0.0	0.0	106	6	0.0	0.0	0.0	0
630	2	724.104	198.978	764.136	208.226	100,100.00	0.0	0.18	0.0	0.0	1.0	0	10	0.8	1.0	11.513935	gross_amount
631	2	591.6	209.128	618.28	218.376	Agency	0.0	0.22	0.0	0.0	0.0	2	6	0.0	0.0	0.0	0
632	2	620.504	209.128	666.728	218.376	Commission:	0.0	0.2	0.0	0.0	0.0	83	11	0.0	0.0	0.0	0
633	2	728.584	209.128	764.168	218.376	15,015.00	0.0	0.21	0.0	0.0	0.71	0	9	0.7777778	1.0	9.616872	0
634	2	632.08	218.128	644.528	227.376	Net	0.0	0.27	0.0	0.0	0.0	14	3	0.0	0.0	0.0	0
635	2	646.752	218.128	666.76	227.376	Total:	0.0	0.27	0.0	0.0	0.0	106	6	0.0	0.0	0.0	0
636	2	728.584	218.128	764.168	227.376	85,085.00	0.0	0.26	0.0	0.0	0.47	0	9	0.7777778	1.0	11.351418	0
637	2	13.52	230.696	50.848	240.216	Month/YR	0.0	0.26	0.0	0.0	0.0	864	8	0.0	0.0	0.0	0
638	2	139.88	230.696	181.224	240.216	Preempted	0.0	0.35	0.0	0.0	0.0	599	9	0.0	0.0	0.0	0
639	2	258.0	230.696	278.448	240.216	Made	0.0	0.38	0.0	0.0	0.0	252	4	0.0	0.0	0.0	0
640	2	280.672	230.696	301.56	240.216	Good	0.0	0.38	0.0	0.0	0.0	223	4	0.0	0.0	0.0	0
641	2	365.64	230.696	398.528	240.216	Contract	0.0	0.38	0.0	0.0	0.0	53	8	0.0	0.0	0.0	0
642	2	400.752	230.696	419.864	240.216	Total	0.0	0.33	0.0	0.0	0.0	106	5	0.0	0.0	0.0	0
643	2	484.52	230.696	532.968	240.216	Adjustments	0.0	0.32	0.0	0.0	0.0	837	11	0.0	0.0	0.0	0
644	2	717.0	230.696	741.448	240.216	Actual	0.0	0.32	0.0	0.0	0.0	355	6	0.0	0.0	0.0	0
645	2	743.672	230.696	762.784	240.216	Total	0.0	0.26	0.0	0.0	0.0	106	5	0.0	0.0	0.0	0
646	2	13.52	243.816	26.856	253.336	Oct	0.0	0.26	0.0	0.0	0.0	464	3	0.0	0.0	0.0	0
647	2	164.224	243.816	179.792	253.336	0.00	0.0	0.17	0.0	0.0	0.62	0	4	0.75	1.0	0.0	0
648	2	284.584	243.816	300.152	253.336	0.00	0.0	0.12	0.0	0.0	0.62	0	4	0.75	1.0	0.0	0
649	2	378.744	243.816	418.776	253.336	100,100.00	0.0	0.08	0.0	0.0	1.0	0	10	0.8	1.0	11.513935	gross_amount
650	2	517.464	245.496	533.032	255.016	0.00	0.0	0.1	0.0	0.0	0.62	0	4	0.75	1.0	0.0	0
651	2	723.744	243.816	763.776	253.336	100,100.00	0.0	0.11	0.0	0.0	1.0	0	10	0.8	1.0	11.513935	gross_amount
652	2	16.88	262.216	43.544	271.736	TOTAL	0.0	0.15	0.0	0.0	0.0	106	5	0.0	0.0	0.0	0
653	2	164.224	262.216	179.792	271.736	0.00	0.0	0.14	0.0	0.0	0.62	0	4	0.75	1.0	0.0	0
654	2	284.584	262.216	300.152	271.736	0.00	0.0	0.14	0.0	0.0	0.62	0	4	0.75	1.0	0.0	0
655	2	378.744	262.216	418.776	271.736	100,100.00	0.0	0.14	0.0	0.0	1.0	0	10	0.8	1.0	11.513935	gross_amount
656	2	517.464	262.216	533.032	271.736	0.00	0.0	0.17	0.0	0.0	0.62	0	4	0.75	1.0	0.0	0
657	2	723.744	262.216	763.776	271.736	100,100.00	0.0	0.18	0.0	0.0	1.0	0	10	0.8	1.0	11.513935	gross_amount
658	2	4.52	548.888	19.632	558.136	This	0.0	0.24	0.0	0.0	0.0	82	4	0.0	0.0	0.0	0
659	2	21.856	548.888	60.096	558.136	agreement	0.0	0.27	0.0	0.0	0.0	115	9	0.0	0.0	0.0	0
660	2	70.32	548.888	95.664	558.136	subject	0.0	0.26	0.0	0.0	0.0	400	7	0.0	0.0	0.0	0
661	2	106.784	548.888	117.904	558.136	the	0.0	0.24	0.0	0.0	0.0	44	3	0.0	0.0	0.0	0
662	2	120.128	548.888	140.128	558.136	terms	0.0	0.38	0.0	0.0	0.0	100	5	0.0	0.0	0.0	0
663	2	142.352	548.888	155.696	558.136	and	0.0	0.38	0.0	0.0	0.0	77	3	0.0	0.0	0.0	0
664	2	157.92	548.888	193.936	558.136	conditions	0.0	0.4	0.0	0.0	0.0	125	10	0.0	0.0	0.0	0
665	2	196.16	548.888	228.176	558.136	indicated	0.0	0.4	0.0	0.0	0.0	745	9	0.0	0.0	0.0	0
666	2	230.4	548.888	254.416	558.136	above.	0.0	0.38	0.0	0.0	0.0	135	6	0.0	0.0	0.0	0
667	2	5.64	564.648	30.088	573.896	Margin	0.0	0.44	0.0	0.0	0.0	858	6	0.0	0.0	0.0	0
668	2	32.312	564.648	69.216	573.896	Indicators:	0.0	0.44	0.0	0.0	0.0	859	11	0.0	0.0	0.0	0
669	2	71.44	564.648	104.576	573.896	A=Added	0.0	0.44	0.0	0.0	0.0	860	7	0.0	0.0	0.0	0
670	2	106.8	564.648	124.144	573.896	Line,	0.0	0.44	0.0	0.0	0.0	89	5	0.0	0.0	0.0	0
671	2	126.368	564.648	165.712	573.896	R=Revised	0.0	0.41	0.0	0.0	0.0	861	9	0.0	0.0	0.0	0
672	2	167.936	564.648	185.28	573.896	Line,	0.0	0.45	0.0	0.0	0.0	89	5	0.0	0.0	0.0	0
673	2	187.504	564.648	225.52	573.896	D=Deleted	0.0	0.45	0.0	0.0	0.0	847	9	0.0	0.0	0.0	0
674	2	227.744	564.648	245.088	573.896	Line,	0.0	0.45	0.0	0.0	0.0	89	5	0.0	0.0	0.0	0
675	2	247.312	564.648	274.648	573.896	M=New	0.0	0.4	0.0	0.0	0.0	862	5	0.0	0.0	0.0	0
676	2	276.872	564.648	314.224	573.896	Makegood	0.0	0.33	0.0	0.0	0.0	588	8	0.0	0.0	0.0	0
677	2	316.448	564.648	344.008	573.896	Activity,	0.0	0.33	0.0	0.0	0.0	733	9	0.0	0.0	0.0	0
678	2	346.232	564.648	399.8	573.896	CM=Combined	0.0	0.26	0.0	0.0	0.0	863	11	0.0	0.0	0.0	0
679	2	402.024	564.648	439.376	573.896	Makegood	0.0	0.21	0.0	0.0	0.0	588	8	0.0	0.0	0.0	0
